,movie,production_budget,domestic_gross,worldwide_gross,foreign_gross,profit,year,genres,director
0,Pirates of the Caribbean: On Stranger Tides 2011,410600000,241063875,1045663875,804600000,635063875,2011,"['Action', 'Adventure', 'Fantasy']",['Rob Marshall']
1,Dark Phoenix 2019,350000000,42762350,149762350,107000000,-200237650,2019,"['Action', 'Adventure', 'Sci-Fi']",['Simon Kinberg']
2,Avengers: Age of Ultron 2015,330600000,459005868,1403013963,944008095,1072413963,2015,"['Action', 'Adventure', 'Sci-Fi']",['Joss Whedon']
3,Avengers: Infinity War 2018,300000000,678815482,2048134200,1369318718,1748134200,2018,"['Action', 'Adventure', 'Sci-Fi']","['Anthony Russo', ' Joe Russo']"
4,Justice League 2017,300000000,229024295,655945209,426920914,355945209,2017,"['Action', 'Adventure', 'Fantasy']",['Zack Snyder']
5,Spectre 2015,300000000,200074175,879620923,679546748,579620923,2015,"['Action', 'Adventure', 'Thriller']",['Sam Mendes']
6,The Dark Knight Rises 2012,275000000,448139099,1084439099,636300000,809439099,2012,"['Action', 'Thriller']",['Christopher Nolan']
7,Solo: A Star Wars Story 2018,275000000,213767512,393151347,179383835,118151347,2018,"['Action', 'Adventure', 'Fantasy']",['Ron Howard']
8,The Lone Ranger 2013,275000000,89302115,260002115,170700000,-14997885,2013,"['Action', 'Adventure', 'Western']",['Gore Verbinski']
9,John Carter 2012,275000000,73058679,282778100,209719421,7778100,2012,"['Action', 'Adventure', 'Sci-Fi']",['Andrew Stanton']
10,Tangled 2010,260000000,200821936,586477240,385655304,326477240,2010,"['Adventure', 'Animation', 'Comedy']","['Nathan Greno', ' Byron Howard']"
11,Captain America: Civil War 2016,250000000,408084349,1140069413,731985064,890069413,2016,"['Action', 'Adventure', 'Sci-Fi']","['Anthony Russo', ' Joe Russo']"
12,Batman v Superman: Dawn of Justice 2016,250000000,330360194,867500281,537140087,617500281,2016,"['Action', 'Adventure', 'Fantasy']",['Zack Snyder']
13,The Hobbit: An Unexpected Journey 2012,250000000,303003568,1017003568,714000000,767003568,2012,"['Adventure', 'Family', 'Fantasy']",['Peter Jackson']
14,The Hobbit: The Desolation of Smaug 2013,250000000,258366855,960366855,702000000,710366855,2013,"['Adventure', 'Fantasy']",['Peter Jackson']
15,The Hobbit: The Battle of the Five Armies 2014,250000000,255119788,945577621,690457833,695577621,2014,"['Adventure', 'Fantasy']",['Peter Jackson']
16,The Fate of the Furious 2017,250000000,225764765,1234846267,1009081502,984846267,2017,"['Action', 'Crime', 'Thriller']",['F. Gary Gray']
17,Pirates of the Caribbean: Dead Men Tell No Tales 2017,230000000,172558876,788241137,615682261,558241137,2017,"['Action', 'Adventure', 'Fantasy']","['Joachim RÃ¸nning', ' Espen Sandberg']"
18,The Avengers 2012,225000000,623279547,1517935897,894656350,1292935897,2012,"['Action', 'Adventure', 'Sci-Fi']",['Joss Whedon']
19,Man of Steel 2013,225000000,291045518,667999518,376954000,442999518,2013,"['Action', 'Adventure', 'Sci-Fi']",['Zack Snyder']
20,The Amazing Spider-Man 2012,220000000,262030663,757890267,495859604,537890267,2012,"['Action', 'Adventure', 'Sci-Fi']",['Marc Webb']
21,Battleship 2012,220000000,65233400,313477717,248244317,93477717,2012,"['Action', 'Adventure', 'Sci-Fi']",['Peter Berg']
22,Transformers: The Last Knight 2017,217000000,130168683,602893340,472724657,385893340,2017,"['Action', 'Adventure', 'Sci-Fi']",['Michael Bay']
23,Jurassic World 2015,215000000,652270625,1648854864,996584239,1433854864,2015,"['Action', 'Adventure', 'Sci-Fi']",['Colin Trevorrow']
24,Men in Black 3 2012,215000000,179020854,654213485,475192631,439213485,2012,"['Action', 'Adventure', 'Comedy']",['Barry Sonnenfeld']
25,Transformers: Age of Extinction 2014,210000000,245439076,1104039076,858600000,894039076,2014,"['Action', 'Adventure', 'Sci-Fi']",['Michael Bay']
26,Robin Hood 2010,210000000,105487148,322459006,216971858,112459006,2010,"['Action', 'Adventure', 'Drama']",['Ridley Scott']
27,Black Panther 2018,200000000,700059566,1348258224,648198658,1148258224,2018,"['Action', 'Adventure', 'Sci-Fi']",['Ryan Coogler']
28,Incredibles 2 2018,200000000,608581744,1242520711,633938967,1042520711,2018,"['Action', 'Adventure', 'Animation']",['Brad Bird']
29,Rogue One: A Star Wars Story 2016,200000000,532177324,1049102856,516925532,849102856,2016,"['Action', 'Adventure', 'Sci-Fi']",['Gareth Edwards']
30,Finding Dory 2016,200000000,486295561,1021215193,534919632,821215193,2016,"['Adventure', 'Animation', 'Comedy']","['Andrew Stanton', ' Angus MacLane']"
31,Toy Story 3 2010,200000000,415004880,1068879522,653874642,868879522,2010,"['Adventure', 'Animation', 'Comedy']",['Lee Unkrich']
32,Iron Man 3 2013,200000000,408992272,1215392272,806400000,1015392272,2013,"['Action', 'Adventure', 'Sci-Fi']",['Shane Black']
33,Alice in Wonderland 2010,200000000,334191110,1025491110,691300000,825491110,2010,"['Adventure', 'Family', 'Fantasy']",['Tim Burton']
34,Skyfall 2012,200000000,304360277,1110526981,806166704,910526981,2012,"['Action', 'Adventure', 'Thriller']",['Sam Mendes']
35,Monsters University 2013,200000000,268488329,743588329,475100000,543588329,2013,"['Adventure', 'Animation', 'Comedy']",['Dan Scanlon']
36,Oz the Great and Powerful 2013,200000000,234770996,490359051,255588055,290359051,2013,"['Adventure', 'Family', 'Fantasy']",['Sam Raimi']
37,X-Men: Days of Future Past 2014,200000000,233921534,747862775,513941241,547862775,2014,"['Action', 'Adventure', 'Sci-Fi']",['Bryan Singer']
38,The Amazing Spider-Man 2 2014,200000000,202853933,708996336,506142403,508996336,2014,"['Action', 'Adventure', 'Sci-Fi']",['Marc Webb']
39,Cars 2 2011,200000000,191450875,560155383,368704508,360155383,2011,"['Adventure', 'Animation', 'Comedy']","['Bradford Lewis', ' John Lasseter']"
40,Fantastic Beasts: The Crimes of Grindelwald 2018,200000000,159555901,652220086,492664185,452220086,2018,"['Adventure', 'Family', 'Fantasy']",['David Yates']
41,Green Lantern 2011,200000000,116601172,219535492,102934320,19535492,2011,"['Action', 'Adventure', 'Sci-Fi']",['Martin Campbell']
42,Transformers: Dark of the Moon 2011,195000000,352390543,1123790543,771400000,928790543,2011,"['Action', 'Adventure', 'Sci-Fi']",['Michael Bay']
43,The Mummy 2017,195000000,80101125,409953905,329852780,214953905,2017,"['Action', 'Adventure', 'Fantasy']",['Alex Kurtzman']
44,Jack the Giant Slayer 2013,195000000,65187603,197687603,132500000,2687603,2013,"['Adventure', 'Fantasy']",['Bryan Singer']
45,Furious 7 2015,190000000,353007020,1518722794,1165715774,1328722794,2015,"['Action', 'Crime', 'Thriller']",['James Wan']
46,Star Trek Into Darkness 2013,190000000,228778661,467381584,238602923,277381584,2013,"['Action', 'Adventure', 'Sci-Fi']",['J.J. Abrams']
47,World War Z 2013,190000000,202359711,531514650,329154939,341514650,2013,"['Action', 'Adventure', 'Horror']",['Marc Forster']
48,The Great Gatsby 2013,190000000,144840419,351040419,206200000,161040419,2013,"['Drama', 'Romance']",['Baz Luhrmann']
49,Pacific Rim 2013,190000000,101802906,411002906,309200000,221002906,2013,"['Action', 'Adventure', 'Sci-Fi']",['Guillermo del Toro']
50,The Good Dinosaur 2015,187500000,123087120,333771037,210683917,146271037,2015,"['Adventure', 'Animation', 'Comedy']",['Peter Sohn']
51,Brave 2012,185000000,237282182,554606532,317324350,369606532,2012,"['Adventure', 'Animation', 'Comedy']","['Brenda Chapman', ' Steve Purcell', ' Mark Andrews']"
52,Kong: Skull Island 2017,185000000,168052812,561072059,393019247,376072059,2017,"['Action', 'Adventure', 'Fantasy']",['Jordan Vogt-Roberts']
53,Star Trek Beyond 2016,185000000,158848340,335802233,176953893,150802233,2016,"['Action', 'Adventure', 'Sci-Fi']",['Justin Lin']
54,Blade Runner 2049 2017,185000000,92054159,259357408,167303249,74357408,2017,"['Drama', 'Mystery', 'Sci-Fi']",['Denis Villeneuve']
55,Aladdin 2019,182000000,246734314,619234314,372500000,437234314,2019,"['Adventure', 'Comedy', 'Family']",['Guy Ritchie']
56,Thor: Ragnarok 2017,180000000,315058289,846980024,531921735,666980024,2017,"['Action', 'Adventure', 'Comedy']",['Taika Waititi']
57,Maleficent 2014,180000000,241407328,758536735,517129407,578536735,2014,"['Action', 'Adventure', 'Family']",['Robert Stromberg']
58,Fantastic Beasts and Where to Find Them 2016,180000000,234037575,802402853,568365278,622402853,2016,"['Adventure', 'Family', 'Fantasy']",['David Yates']
59,The Legend of Tarzan 2016,180000000,126643061,348902025,222258964,168902025,2016,"['Action', 'Adventure', 'Drama']",['David Yates']
60,Hugo 2011,180000000,73864507,180047784,106183277,47784,2011,"['Adventure', 'Drama', 'Family']",['Martin Scorsese']
61,Valerian and the City of a Thousand Planets 2017,180000000,40479370,215098356,174618986,35098356,2017,"['Action', 'Adventure', 'Fantasy']",['Luc Besson']
62,Jupiter Ascending 2015,179000000,47482519,181982519,134500000,2982519,2015,"['Action', 'Adventure', 'Sci-Fi']","['Lilly Wachowski', ' Lana Wachowski']"
63,X-Men: Apocalypse 2016,178000000,155442489,542537546,387095057,364537546,2016,"['Action', 'Adventure', 'Sci-Fi']",['Bryan Singer']
64,The Meg 2018,178000000,145443742,529530715,384086973,351530715,2018,"['Action', 'Horror', 'Sci-Fi']",['Jon Turteltaub']
65,Edge of Tomorrow 2014,178000000,100206256,370541256,270335000,192541256,2014,"['Action', 'Sci-Fi']",['Doug Liman']
66,Captain Marvel 2019,175000000,426525952,1123061550,696535598,948061550,2019,"['Action', 'Adventure', 'Sci-Fi']","['Ryan Fleck', ' Anna Boden']"
67,Spider-Man: Homecoming 2017,175000000,334201140,880166350,545965210,705166350,2017,"['Action', 'Adventure', 'Sci-Fi']",['Jon Watts']
68,Suicide Squad 2016,175000000,325100054,746059887,420959833,571059887,2016,"['Action', 'Adventure', 'Fantasy']",['David Ayer']
69,Cars 3 2017,175000000,152901115,383541369,230640254,208541369,2017,"['Adventure', 'Animation', 'Comedy']",['Brian Fee']
70,King Arthur: Legend of the Sword 2017,175000000,39175066,139630336,100455270,-35369664,2017,"['Action', 'Adventure', 'Drama']",['Guy Ritchie']
71,47 Ronin 2013,175000000,38362475,151716815,113354340,-23283185,2013,"['Action', 'Adventure', 'Drama']",['Carl Rinsch']
72,Jurassic World: Fallen Kingdom 2018,170000000,417719760,1305772799,888053039,1135772799,2018,"['Action', 'Adventure', 'Sci-Fi']",['J.A. Bayona']
73,Guardians of the Galaxy 2014,170000000,333172112,770867516,437695404,600867516,2014,"['Action', 'Adventure', 'Comedy']",['James Gunn']
74,Iron Man 2 2010,170000000,312433331,621156389,308723058,451156389,2010,"['Action', 'Adventure', 'Sci-Fi']",['Jon Favreau']
75,Captain America: The Winter Soldier 2014,170000000,259746958,714401889,454654931,544401889,2014,"['Action', 'Adventure', 'Sci-Fi']","['Anthony Russo', ' Joe Russo']"
76,Dawn of the Planet of the Apes 2014,170000000,208545589,710644566,502098977,540644566,2014,"['Action', 'Adventure', 'Drama']",['Matt Reeves']
77,Snow White and the Huntsman 2012,170000000,155136755,401021746,245884991,231021746,2012,"['Action', 'Adventure', 'Drama']",['Rupert Sanders']
78,Dumbo 2019,170000000,113883318,345004422,231121104,175004422,2019,"['Adventure', 'Family', 'Fantasy']",['Tim Burton']
79,Tomorrowland 2015,170000000,93436322,206627518,113191196,36627518,2015,"['Action', 'Adventure', 'Family']",['Brad Bird']
80,Alita: Battle Angel 2019,170000000,85710210,402976036,317265826,232976036,2019,"['Action', 'Adventure', 'Sci-Fi']",['Robert Rodriguez']
81,Godzilla: King of the Monsters 2019,170000000,85576941,299276941,213700000,129276941,2019,"['Action', 'Adventure', 'Fantasy']",['Michael Dougherty']
82,Alice Through the Looking Glass 2016,170000000,77042381,276928112,199885731,106928112,2016,"['Adventure', 'Family', 'Fantasy']",['James Bobin']
83,Shrek Forever After 2010,165000000,238736787,756244673,517507886,591244673,2010,"['Adventure', 'Animation', 'Comedy']",['Mike Mitchell']
84,Doctor Strange 2016,165000000,232641920,676404566,443762646,511404566,2016,"['Action', 'Adventure', 'Fantasy']",['Scott Derrickson']
85,Big Hero 6 2014,165000000,222527828,652127828,429600000,487127828,2014,"['Action', 'Adventure', 'Animation']","['Don Hall', ' Chris Williams']"
86,How to Train Your Dragon 2010,165000000,217581232,494870992,277289760,329870992,2010,"['Action', 'Adventure', 'Animation']","['Chris Sanders', ' Dean DeBlois']"
87,Wreck-It Ralph 2012,165000000,189412677,496511521,307098844,331511521,2012,"['Adventure', 'Animation', 'Comedy']",['Rich Moore']
88,Interstellar 2014,165000000,188017894,666379375,478361481,501379375,2014,"['Adventure', 'Drama', 'Sci-Fi']",['Christopher Nolan']
89,Independence Day: Resurgence 2016,165000000,103144286,384169424,281025138,219169424,2016,"['Action', 'Adventure', 'Sci-Fi']",['Roland Emmerich']
90,Aquaman 2018,160000000,335061807,1146894640,811832833,986894640,2018,"['Action', 'Adventure', 'Fantasy']",['James Wan']
91,Inception 2010,160000000,292576195,835524642,542948447,675524642,2010,"['Action', 'Adventure', 'Sci-Fi']",['Christopher Nolan']
92,The Hunger Games: Mockingjay - Part 2 2015,160000000,281723902,648986787,367262885,488986787,2015,"['Action', 'Adventure', 'Sci-Fi']",['Francis Lawrence']
93,Godzilla 2014,160000000,200676069,529076069,328400000,369076069,2014,"['Action', 'Adventure', 'Sci-Fi']",['Gareth Edwards']
94,X-Men: First Class 2011,160000000,146408305,355408305,209000000,195408305,2011,"['Action', 'Adventure', 'Sci-Fi']",['Matthew Vaughn']
95,The Sorcerer's Apprentice 2010,160000000,63150991,217986320,154835329,57986320,2010,"['Action', 'Adventure', 'Family']",['Jon Turteltaub']
96,Warcraft 2016,160000000,47225655,425522281,378296626,265522281,2016,"['Action', 'Adventure', 'Fantasy']",['Duncan Jones']
97,Deepwater Horizon 2016,156000000,61433527,122603824,61170297,-33396176,2016,"['Action', 'Drama', 'History']",['Peter Berg']
98,The Chronicles of Narnia: The Voyage of the Dawn Treader 2010,155000000,104386950,418186950,313800000,263186950,2010,"['Adventure', 'Family', 'Fantasy']",['Michael Apted']
99,Pacific Rim: Uprising 2018,155000000,59874525,290930148,231055623,135930148,2018,"['Action', 'Adventure', 'Sci-Fi']",['Steven S. DeKnight']
100,War for the Planet of the Apes 2017,152000000,146880162,489592267,342712105,337592267,2017,"['Action', 'Adventure', 'Drama']",['Matt Reeves']
101,Wonder Woman 2017,150000000,412563408,821133378,408569970,671133378,2017,"['Action', 'Adventure', 'Fantasy']",['Patty Jenkins']
102,Zootopia 2016,150000000,341268248,1019429616,678161368,869429616,2016,"['Adventure', 'Animation', 'Comedy']","['Byron Howard', ' Rich Moore', ' Jared Bush']"
103,Moana 2016,150000000,248757044,637517365,388760321,487517365,2016,"['Adventure', 'Animation', 'Comedy']","['Don Hall', ' Chris Williams', ' Ron Clements', ' John Musker']"
104,Thor: The Dark World 2013,150000000,206362140,644602516,438240376,494602516,2013,"['Action', 'Adventure', 'Fantasy']",['Alan Taylor']
105,Dunkirk 2017,150000000,190068280,499837368,309769088,349837368,2017,"['Action', 'Drama', 'History']",['Christopher Nolan']
106,Thor 2011,150000000,181030624,449326618,268295994,299326618,2011,"['Action', 'Adventure', 'Fantasy']",['Kenneth Branagh']
107,Kung Fu Panda 2 2011,150000000,165249063,664837547,499588484,514837547,2011,"['Action', 'Adventure', 'Animation']",['Jennifer Yuh Nelson']
108,Mad Max: Fury Road 2015,150000000,153636354,370098020,216461666,220098020,2015,"['Action', 'Adventure', 'Sci-Fi']",['George Miller']
109,Ready Player One 2018,150000000,137690172,579290136,441599964,429290136,2018,"['Action', 'Adventure', 'Sci-Fi']",['Steven Spielberg']
110,The Last Airbender 2010,150000000,131772187,319713881,187941694,169713881,2010,"['Action', 'Adventure', 'Family']",['M. Night Shyamalan']
111,Wrath of the Titans 2012,150000000,83670083,305270083,221600000,155270083,2012,"['Action', 'Adventure', 'Fantasy']",['Jonathan Liebesman']
112,Dark Shadows 2012,150000000,79727149,238202668,158475519,88202668,2012,"['Comedy', 'Fantasy', 'Horror']",['Tim Burton']
113,White House Down 2013,150000000,73103784,205440387,132336603,55440387,2013,"['Action', 'Drama', 'Thriller']",['Roland Emmerich']
114,The Wolfman 2010,150000000,62189884,142634358,80444474,-7365642,2010,"['Drama', 'Fantasy', 'Horror']",['Joe Johnston']
115,Pan 2015,150000000,35088320,151525973,116437653,1525973,2015,"['Adventure', 'Comedy', 'Family']",['Joe Wright']
116,Mars Needs Moms 2011,150000000,21392758,39549758,18157000,-110450242,2011,"['Adventure', 'Animation', 'Family']",['Simon Wells']
117,Madagascar 3: Europe's Most Wanted 2012,145000000,216391482,746921271,530529789,601921271,2012,"['Adventure', 'Animation', 'Comedy']","['Tom McGrath', ' Conrad Vernon', ' Eric Darnell']"
118,How to Train Your Dragon 2 2014,145000000,177002924,614586270,437583346,469586270,2014,"['Action', 'Adventure', 'Animation']",['Dean DeBlois']
119,Mr. Peabody & Sherman 2014,145000000,111506430,269806430,158300000,124806430,2014,"['Adventure', 'Animation', 'Comedy']",['Rob Minkoff']
120,Rise of the Guardians 2012,145000000,103412758,306900902,203488144,161900902,2012,"['Action', 'Adventure', 'Animation']",['Peter Ramsey']
121,Ghostbusters 2016,144000000,128350574,229008658,100658084,85008658,2016,"['Action', 'Comedy', 'Fantasy']",['Paul Feig']
122,Captain America: The First Avenger 2011,140000000,176654505,370569776,193915271,230569776,2011,"['Action', 'Adventure', 'Sci-Fi']",['Joe Johnston']
123,Kung Fu Panda 3 2016,140000000,143528619,517599142,374070523,377599142,2016,"['Action', 'Adventure', 'Animation']","['Jennifer Yuh Nelson', ' Alessandro Carloni']"
124,G.I. Joe: Retaliation 2013,140000000,122523060,375740705,253217645,235740705,2013,"['Action', 'Adventure', 'Sci-Fi']",['Jon M. Chu']
125,Exodus: Gods and Kings 2014,140000000,65014513,268314513,203300000,128314513,2014,"['Action', 'Adventure', 'Drama']",['Ridley Scott']
126,The BFG 2016,140000000,55483770,199646680,144162910,59646680,2016,"['Adventure', 'Family', 'Fantasy']",['Steven Spielberg']
127,Gods of Egypt 2016,140000000,31153464,138836756,107683292,-1163244,2016,"['Action', 'Adventure', 'Fantasy']",['Alex Proyas']
128,The Croods 2013,135000000,187168425,573068425,385900000,438068425,2013,"['Action', 'Adventure', 'Animation']","['Chris Sanders', ' Kirk DeMicco']"
129,The Revenant 2015,135000000,183637894,532938302,349300408,397938302,2015,"['Action', 'Adventure', 'Biography']",['Alejandro G. IÃ±Ã¡rritu']
130,Rango 2011,135000000,123477607,245724600,122246993,110724600,2011,"['Adventure', 'Animation', 'Comedy']",['Gore Verbinski']
131,Turbo 2013,135000000,83028130,286896578,203868448,151896578,2013,"['Adventure', 'Animation', 'Comedy']",['David Soren']
132,Teenage Mutant Ninja Turtles: Out of the Shadows 2016,135000000,82051601,245328374,163276773,110328374,2016,"['Action', 'Adventure', 'Comedy']",['Dave Green']
133,Happy Feet Two 2011,135000000,64006466,157956466,93950000,22956466,2011,"['Adventure', 'Animation', 'Comedy']","['George Miller', ' Gary Eck', ' David Peers']"
134,The Nutcracker and the Four Realms 2018,132900000,54858851,170293899,115435048,37393899,2018,"['Adventure', 'Family', 'Fantasy']","['Joe Johnston', ' Lasse HallstrÃ¶m']"
135,Penguins of Madagascar 2014,132000000,83350911,366942531,283591620,234942531,2014,"['Adventure', 'Animation', 'Comedy']","['Eric Darnell', ' Simon J. Smith']"
136,The Hunger Games: Catching Fire 2013,130000000,424668047,864868047,440200000,734868047,2013,"['Action', 'Adventure', 'Sci-Fi']",['Francis Lawrence']
137,Ant-Man and the Wasp 2018,130000000,216648740,623144660,406495920,493144660,2018,"['Action', 'Adventure', 'Comedy']",['Peyton Reed']
138,Ant-Man 2015,130000000,180202163,518858449,338656286,388858449,2015,"['Action', 'Adventure', 'Comedy']",['Peyton Reed']
139,Mary Poppins Returns 2018,130000000,171958438,341528518,169570080,211528518,2018,"['Comedy', 'Family', 'Fantasy']",['Rob Marshall']
140,Puss in Boots 2011,130000000,149260504,554987477,405726973,424987477,2011,"['Action', 'Adventure', 'Animation']",['Chris Miller']
141,Megamind 2010,130000000,148415853,321887208,173471355,191887208,2010,"['Action', 'Animation', 'Comedy']",['Tom McGrath']
142,Rio 2 2014,130000000,131538435,492846291,361307856,362846291,2014,"['Adventure', 'Animation', 'Comedy']",['Carlos Saldanha']
143,Salt 2010,130000000,118311368,290650494,172339126,160650494,2010,"['Action', 'Mystery', 'Thriller']",['Phillip Noyce']
144,The Adventures of Tintin 2011,130000000,77591831,373993951,296402120,243993951,2011,"['Action', 'Adventure', 'Animation']",['Steven Spielberg']
145,After Earth 2013,130000000,60522097,251499665,190977568,121499665,2013,"['Action', 'Adventure', 'Drama']",['M. Night Shyamalan']
146,R.I.P.D. 2013,130000000,33618855,79076678,45457823,-50923322,2013,"['Action', 'Adventure', 'Comedy']",['Robert Schwentke']
147,How to Train Your Dragon: The Hidden World 2019,129000000,160791800,519258283,358466483,390258283,2019,"['Action', 'Adventure', 'Animation']",['Dean DeBlois']
148,Night at the Museum: Secret of the Tomb 2014,127000000,113746621,353756621,240010000,226756621,2014,"['Adventure', 'Comedy', 'Family']",['Shawn Levy']
149,The Hunger Games: Mockingjay - Part 1 2014,125000000,337135885,766575131,429439246,641575131,2014,"['Action', 'Adventure', 'Sci-Fi']",['Francis Lawrence']
150,Fast Five 2011,125000000,210031325,630163454,420132129,505163454,2011,"['Action', 'Crime', 'Thriller']",['Justin Lin']
151,Teenage Mutant Ninja Turtles 2014,125000000,191204754,485004754,293800000,360004754,2014,"['Action', 'Adventure', 'Comedy']",['Jonathan Liebesman']
152,Sherlock Holmes: A Game of Shadows 2011,125000000,186848418,535663443,348815025,410663443,2011,"['Action', 'Adventure', 'Crime']",['Guy Ritchie']
153,The Boss Baby 2017,125000000,175003033,510878762,335875729,385878762,2017,"['Adventure', 'Animation', 'Comedy']",['Tom McGrath']
154,Clash of the Titans 2010,125000000,163214888,493214888,330000000,368214888,2010,"['Action', 'Adventure', 'Fantasy']",['Louis Leterrier']
155,Trolls 2016,125000000,153707064,344150134,190443070,219150134,2016,"['Adventure', 'Animation', 'Comedy']","['Mike Mitchell', ' Walt Dohrn']"
156,Prometheus 2012,125000000,126477084,402448265,275971181,277448265,2012,"['Adventure', 'Mystery', 'Sci-Fi']",['Ridley Scott']
157,The Bourne Legacy 2012,125000000,113203870,280355920,167152050,155355920,2012,"['Action', 'Adventure', 'Thriller']",['Tony Gilroy']
158,Skyscraper 2018,125000000,68420120,304115534,235695414,179115534,2018,"['Action', 'Adventure', 'Thriller']",['Rawson Marshall Thurber']
159,Total Recall 2012,125000000,58877969,211856088,152978119,86856088,2012,"['Action', 'Adventure', 'Mystery']",['Len Wiseman']
160,Jason Bourne 2016,120000000,162192920,416168316,253975396,296168316,2016,"['Action', 'Thriller']",['Paul Greengrass']
161,Life of Pi 2012,120000000,124987022,620912003,495924981,500912003,2012,"['Adventure', 'Drama', 'Fantasy']",['Ang Lee']
162,Rampage 2018,120000000,101028233,428056280,327028047,308056280,2018,"['Action', 'Adventure', 'Sci-Fi']",['Brad Peyton']
163,Elysium 2013,120000000,93050117,286192091,193141974,166192091,2013,"['Action', 'Drama', 'Sci-Fi']",['Neill Blomkamp']
164,Oblivion 2013,120000000,89107235,287916633,198809398,167916633,2013,"['Action', 'Adventure', 'Sci-Fi']",['Joseph Kosinski']
165,Power Rangers 2017,120000000,85364450,142531552,57167102,22531552,2017,"['Action', 'Adventure', 'Sci-Fi']",['Dean Israelite']
166,RoboCop 2014,120000000,58607007,242981799,184374792,122981799,2014,"['Action', 'Crime', 'Sci-Fi']",['JosÃ© Padilha']
167,Fantastic Four 2015,120000000,56117548,167849187,111731639,47849187,2015,"['Action', 'Adventure', 'Drama']",['Josh Trank']
168,Knight and Day 2010,117000000,76423035,258751370,182328335,141751370,2010,"['Action', 'Adventure', 'Comedy']",['James Mangold']
169,Venom 2018,116000000,213511408,853628605,640117197,737628605,2018,"['Action', 'Sci-Fi', 'Thriller']",['Ruben Fleischer']
170,The Wolverine 2013,115000000,132556852,416456852,283900000,301456852,2013,"['Action', 'Adventure', 'Sci-Fi']",['James Mangold']
171,Gulliver's Travels 2010,112000000,42779261,232017848,189238587,120017848,2010,"['Adventure', 'Comedy', 'Family']",['Rob Letterman']
172,Ferdinand 2017,111000000,84410380,289847930,205437550,178847930,2017,"['Adventure', 'Animation', 'Comedy']",['Carlos Saldanha']
173,Deadpool 2 2018,110000000,324591735,786680557,462088822,676680557,2018,"['Action', 'Adventure', 'Comedy']",['David Leitch']
174,Gravity 2013,110000000,274092705,693698673,419605968,583698673,2013,"['Drama', 'Sci-Fi', 'Thriller']",['Alfonso CuarÃ³n']
175,San Andreas 2015,110000000,155190832,456258539,301067707,346258539,2015,"['Action', 'Adventure', 'Drama']",['Brad Peyton']
176,The Smurfs 2011,110000000,142614158,563749323,421135165,453749323,2011,"['Adventure', 'Animation', 'Comedy']",['Raja Gosnell']
177,300: Rise of an Empire 2014,110000000,106580051,330780051,224200000,220780051,2014,"['Action', 'Fantasy', 'War']",['Noam Murro']
178,Passengers 2016,110000000,100014699,302239672,202224973,192239672,2016,"['Drama', 'Romance', 'Sci-Fi']",['Morten Tyldum']
179,The Green Hornet 2011,110000000,98780042,229155503,130375461,119155503,2011,"['Action', 'Comedy', 'Crime']",['Michel Gondry']
180,Real Steel 2011,110000000,85463309,263880341,178417032,153880341,2011,"['Action', 'Drama', 'Family']",['Shawn Levy']
181,The A-Team 2010,110000000,77222099,177241171,100019072,67241171,2010,"['Action', 'Adventure', 'Thriller']",['Joe Carnahan']
182,The Smurfs 2 2013,110000000,71017784,348547523,277529739,238547523,2013,"['Adventure', 'Animation', 'Comedy']",['Raja Gosnell']
183,Ender's Game 2013,110000000,61737191,127983283,66246092,17983283,2013,"['Action', 'Adventure', 'Fantasy']",['Gavin Hood']
184,Ghost in the Shell 2017,110000000,40563557,167910690,127347133,57910690,2017,"['Action', 'Drama', 'Sci-Fi']",['Rupert Sanders']
185,Men in Black: International 2019,110000000,3100000,3100000,0,-106900000,2019,"['Action', 'Adventure', 'Comedy']",['F. Gary Gray']
186,The Martian 2015,108000000,228433663,655271443,426837780,547271443,2015,"['Adventure', 'Drama', 'Sci-Fi']",['Ridley Scott']
187,Allied 2016,106000000,40098064,119266661,79168597,13266661,2016,"['Action', 'Drama', 'Romance']",['Robert Zemeckis']
188,Ice Age: Collision Course 2016,105000000,64063008,402156682,338093674,297156682,2016,"['Adventure', 'Animation', 'Comedy']","['Mike Thurmeier', ' Galen T. Chu']"
189,Kingsman: The Golden Circle 2017,104000000,100234838,408803696,308568858,304803696,2017,"['Action', 'Adventure', 'Comedy']",['Matthew Vaughn']
190,A Wrinkle in Time 2018,103000000,100478608,133401882,32923274,30401882,2018,"['Adventure', 'Family', 'Fantasy']",['Ava DuVernay']
191,Bumblebee 2018,102000000,127195589,465195589,338000000,363195589,2018,"['Action', 'Adventure', 'Sci-Fi']",['Travis Knight']
192,Cloud Atlas 2012,102000000,27108272,130673154,103564882,28673154,2012,"['Action', 'Drama', 'Mystery']","['Lilly Wachowski', ' Lana Wachowski', ' Tom Tykwer']"
193,Django Unchained 2012,100000000,162805434,449948323,287142889,349948323,2012,"['Drama', 'Western']",['Quentin Tarantino']
194,Little Fockers 2010,100000000,148438600,310650574,162211974,210650574,2010,"['Comedy', 'Romance']",['Paul Weitz']
195,The Other Guys 2010,100000000,119219978,170936470,51716492,70936470,2010,"['Action', 'Comedy', 'Crime']",['Adam McKay']
196,The Wolf of Wall Street 2013,100000000,116900694,389870414,272969720,289870414,2013,"['Biography', 'Crime', 'Drama']",['Martin Scorsese']
197,Epic 2013,100000000,107518682,262794441,155275759,162794441,2013,"['Adventure', 'Animation', 'Family']",['Chris Wedge']
198,The Expendables 2 2012,100000000,85028192,311979256,226951064,211979256,2012,"['Action', 'Adventure', 'Thriller']",['Simon West']
199,Hercules 2014,100000000,72688614,243388614,170700000,143388614,2014,"['Action', 'Adventure', 'Fantasy']",['Brett Ratner']
200,The Tourist 2010,100000000,67631157,278731369,211100212,178731369,2010,"['Action', 'Adventure', 'Thriller']",['Florian Henckel von Donnersmarck']
201,Legend of the Guardians: The Owls of Ga'Hoole 2010,100000000,55675313,139716717,84041404,39716717,2010,"['Action', 'Adventure', 'Animation']",['Zack Snyder']
202,Wonder Park 2019,100000000,45216793,115149422,69932629,15149422,2019,"['Adventure', 'Animation', 'Comedy']",['Dylan Brown']
203,The Expendables 3 2014,100000000,39322544,209461378,170138834,109461378,2014,"['Action', 'Adventure', 'Thriller']",['Patrick Hughes']
204,Green Zone 2010,100000000,35497337,97523020,62025683,-2476980,2010,"['Action', 'Drama', 'Thriller']",['Paul Greengrass']
205,Geostorm 2017,100000000,33700160,220796009,187095849,120796009,2017,"['Action', 'Sci-Fi', 'Thriller']",['Dean Devlin']
206,Point Break 2015,100000000,28782481,126704591,97922110,26704591,2015,"['Action', 'Crime', 'Sport']",['Ericson Core']
207,In the Heart of the Sea 2015,100000000,25020758,89693309,64672551,-10306691,2015,"['Action', 'Adventure', 'Biography']",['Ron Howard']
208,Mortal Engines 2018,100000000,15951040,85287417,69336377,-14712583,2018,"['Action', 'Adventure', 'Fantasy']",['Christian Rivers']
209,The Peanuts Movie 2015,99000000,130178411,250091610,119913199,151091610,2015,"['Adventure', 'Animation', 'Comedy']",['Steve Martino']
210,Alien: Covenant 2017,97000000,74262031,238521247,164259216,141521247,2017,"['Horror', 'Sci-Fi', 'Thriller']",['Ridley Scott']
211,Ice Age: Continental Drift 2012,95000000,161321843,879765137,718443294,784765137,2012,"['Adventure', 'Animation', 'Comedy']","['Mike Thurmeier', ' Steve Martino']"
212,Sex and the City 2 2010,95000000,95347692,294680778,199333086,199680778,2010,"['Comedy', 'Drama', 'Romance']",['Michael Patrick King']
213,Percy Jackson & the Olympians: The Lightning Thief 2010,95000000,88768303,223050874,134282571,128050874,2010,"['Adventure', 'Family', 'Fantasy']",['Chris Columbus']
214,The Campaign 2012,95000000,86907746,104907746,18000000,9907746,2012,['Comedy'],['Jay Roach']
215,Unstoppable 2010,95000000,81562942,165720921,84157979,70720921,2010,"['Action', 'Thriller']",['Tony Scott']
216,Ben-Hur 2016,95000000,26410477,91669648,65259171,-3330352,2016,"['Action', 'Adventure', 'Drama']",['Timur Bekmambetov']
217,Rise of the Planet of the Apes 2011,93000000,176760185,470986200,294226015,377986200,2011,"['Action', 'Drama', 'Sci-Fi']",['Rupert Wyatt']
218,A Good Day to Die Hard 2013,92000000,67349198,304249198,236900000,212249198,2013,"['Action', 'Thriller']",['John Moore']
219,The Secret Life of Walter Mitty 2013,91000000,58236838,187861183,129624345,96861183,2013,"['Adventure', 'Comedy', 'Drama']",['Ben Stiller']
220,Jumanji: Welcome to the Jungle 2017,90000000,404508916,964496193,559987277,874496193,2017,"['Action', 'Adventure', 'Comedy']",['Jake Kasdan']
221,Rio 2011,90000000,143619809,487519809,343900000,397519809,2011,"['Adventure', 'Animation', 'Comedy']",['Carlos Saldanha']
222,The Girl with the Dragon Tattoo 2011,90000000,102515793,239373970,136858177,149373970,2011,"['Crime', 'Drama', 'Mystery']",['David Fincher']
223,The Magnificent Seven 2016,90000000,93432655,162525156,69092501,72525156,2016,"['Action', 'Adventure', 'Western']",['Antoine Fuqua']
224,Alvin and the Chipmunks: The Road Chip 2015,90000000,85886987,249517956,163630969,159517956,2015,"['Adventure', 'Animation', 'Comedy']",['Walt Becker']
225,Percy Jackson: Sea of Monsters 2013,90000000,68559554,200859554,132300000,110859554,2013,"['Adventure', 'Family', 'Fantasy']",['Thor Freudenthal']
226,Now You See Me 2 2016,90000000,65075540,328325007,263249467,238325007,2016,"['Action', 'Adventure', 'Comedy']",['Jon M. Chu']
227,Tomb Raider 2018,90000000,58250803,273477501,215226698,183477501,2018,"['Action', 'Adventure', 'Fantasy']",['Roar Uthaug']
228,Conan the Barbarian 2011,90000000,21295021,63356133,42061112,-26643867,2011,"['Action', 'Adventure', 'Fantasy']",['Marcus Nispel']
229,The Three Musketeers 2011,90000000,20377913,139877913,119500000,49877913,2011,"['Action', 'Adventure', 'Romance']",['Paul W.S. Anderson']
230,The Promise 2017,90000000,8224288,10551417,2327129,-79448583,2017,['Drama'],['Edwine Dorival']
231,The Nutcracker in 3D 2010,90000000,195459,20466016,20270557,-69533984,2010,"['Action', 'Family', 'Fantasy']",['Andrey Konchalovskiy']
232,Bright 2017,90000000,0,0,0,-90000000,2017,"['Action', 'Crime', 'Fantasy']",['David Ayer']
233,The Predator 2018,88000000,51024708,159487563,108462855,71487563,2018,"['Action', 'Adventure', 'Sci-Fi']",['Shane Black']
234,Divergent 2014,85000000,150947895,276014965,125067070,191014965,2014,"['Action', 'Adventure', 'Mystery']",['Neil Burger']
235,Hotel Transylvania 2012,85000000,148313048,378505812,230192764,293505812,2012,"['Animation', 'Comedy', 'Family']",['Genndy Tartakovsky']
236,Shazam! 2019,85000000,139606856,362899733,223292877,277899733,2019,"['Action', 'Adventure', 'Comedy']",['David F. Sandberg']
237,Tower Heist 2011,85000000,78046570,150422946,72376376,65422946,2011,"['Action', 'Comedy', 'Crime']",['Brett Ratner']
238,Mirror Mirror 2012,85000000,64935167,173613482,108678315,88613482,2012,"['Adventure', 'Comedy', 'Drama']",['Tarsem Singh']
239,Arthur Christmas 2011,85000000,46462469,149717124,103254655,64717124,2011,"['Adventure', 'Animation', 'Comedy']","['Sarah Smith', ' Barry Cook']"
240,xXx: Return of Xander Cage 2017,85000000,44898413,345033359,300134946,260033359,2017,"['Action', 'Adventure', 'Thriller']",['D.J. Caruso']
241,Cats & Dogs: The Revenge of Kitty Galore 2010,85000000,43585753,113026383,69440630,28026383,2010,"['Action', 'Comedy', 'Family']",['Brad Peyton']
242,The Greatest Showman 2017,84000000,174340174,386665550,212325376,302665550,2017,"['Biography', 'Drama', 'Musical']",['Michael Gracey']
243,RED 2 2013,84000000,53262560,141507355,88244795,57507355,2013,"['Action', 'Comedy', 'Crime']",['Dean Parisot']
244,The Expendables 2010,82000000,103068524,268268174,165199650,186268174,2010,"['Action', 'Adventure', 'Thriller']",['Sylvester Stallone']
245,Call of the Wild 2020,82000000,0,0,0,-82000000,2020,"['Adventure', 'Animation', 'Family']",['Chris Sanders']
246,The Hunger Games 2012,80000000,408010692,677923379,269912687,597923379,2012,"['Action', 'Adventure', 'Sci-Fi']",['Gary Ross']
247,The Hangover Part II 2011,80000000,254464305,586464305,332000000,506464305,2011,"['Comedy', 'Mystery']",['Todd Phillips']
248,The Lego Batman Movie 2017,80000000,175750384,310660018,134909634,230660018,2017,"['Action', 'Animation', 'Comedy']",['Chris McKay']
249,Hotel Transylvania 2 2015,80000000,169700110,469500298,299800188,389500298,2015,"['Animation', 'Comedy', 'Family']",['Genndy Tartakovsky']
250,Grown Ups 2 2013,80000000,133668525,247023808,113355283,167023808,2013,['Comedy'],['Dennis Dugan']
251,Alvin and the Chipmunks: Chipwrecked 2011,80000000,133107389,349088523,215981134,269088523,2011,"['Adventure', 'Animation', 'Comedy']",['Mike Mitchell']
252,Shutter Island 2010,80000000,128012934,299461782,171448848,219461782,2010,"['Mystery', 'Thriller']",['Martin Scorsese']
253,Yogi Bear 2010,80000000,100246011,204774690,104528679,124774690,2010,"['Adventure', 'Animation', 'Comedy']",['Eric Brevig']
254,The Book of Eli 2010,80000000,94835059,158750817,63915758,78750817,2010,"['Action', 'Adventure', 'Drama']","['Albert Hughes', ' Allen Hughes']"
255,Fury 2014,80000000,85817906,210315681,124497775,130315681,2014,"['Action', 'Drama', 'War']",['David Ayer']
256,Smallfoot 2018,80000000,83240103,213691277,130451174,133691277,2018,"['Adventure', 'Animation', 'Comedy']","['Karey Kirkpatrick', ' Jason Reisig']"
257,Zookeeper 2011,80000000,80360866,170805525,90444659,90805525,2011,"['Comedy', 'Family', 'Romance']",['Frank Coraci']
258,The Secret Life of Pets 2 2019,80000000,63795655,113351496,49555841,33351496,2019,"['Adventure', 'Animation', 'Comedy']","['Jonathan del Val', ' Chris Renaud']"
259,The Last Witch Hunter 2015,80000000,27367660,130818912,103451252,50818912,2015,"['Action', 'Adventure', 'Fantasy']",['Breck Eisner']
260,Pompeii 2014,80000000,23169033,108469033,85300000,28469033,2014,"['Action', 'Adventure', 'Drama']",['Paul W.S. Anderson']
261,Journey 2: The Mysterious Island 2012,79000000,103860290,318146162,214285872,239146162,2012,"['Action', 'Adventure', 'Comedy']",['Brad Peyton']
262,Jack and Jill 2011,79000000,74158157,150519217,76361060,71519217,2011,['Comedy'],['Dennis Dugan']
263,Cloudy with a Chance of Meatballs 2 2013,78000000,119793567,274392649,154599082,196392649,2013,"['Adventure', 'Animation', 'Comedy']","['Cody Cameron', ' Kris Pearn']"
264,The Equalizer 2 2018,77000000,102084362,190453132,88368770,113453132,2018,"['Action', 'Crime', 'Thriller']",['Antoine Fuqua']
265,Despicable Me 2 2013,76000000,368065385,975216835,607151450,899216835,2013,"['Adventure', 'Animation', 'Comedy']","['Chris Renaud', ' Pierre Coffin']"
266,The Secret Life of Pets 2016,75000000,368384330,886750534,518366204,811750534,2016,"['Adventure', 'Animation', 'Comedy']","['Chris Renaud', ' Yarrow Cheney']"
267,Sing 2016,75000000,270329045,634454789,364125744,559454789,2016,"['Animation', 'Comedy', 'Family']","['Christophe Lourdelet', ' Garth Jennings']"
268,Despicable Me 3 2017,75000000,264624300,1034727750,770103450,959727750,2017,"['Adventure', 'Animation', 'Comedy']","['Pierre Coffin', ' Kyle Balda', ' Eric Guillon']"
269,Grown Ups 2010,75000000,162001186,272223430,110222244,197223430,2010,['Comedy'],['Dennis Dugan']
270,Now You See Me 2013,75000000,117723989,342769200,225045211,267769200,2013,"['Crime', 'Mystery', 'Thriller']",['Louis Leterrier']
271,Christopher Robin 2018,75000000,99215042,197504758,98289716,122504758,2018,"['Adventure', 'Animation', 'Comedy']",['Marc Forster']
272,Immortals 2011,75000000,83504017,211562435,128058418,136562435,2011,"['Action', 'Drama', 'Fantasy']",['Tarsem Singh']
273,Killers 2010,75000000,47059963,95572749,48512786,20572749,2010,"['Action', 'Comedy', 'Romance']",['Robert Luketic']
274,Sucker Punch 2011,75000000,36392502,89758389,53365887,14758389,2011,"['Action', 'Adventure', 'Fantasy']",['Zack Snyder']
275,Minions 2015,74000000,336045770,1160336173,824290403,1086336173,2015,"['Adventure', 'Animation', 'Comedy']","['Pierre Coffin', ' Kyle Balda']"
276,The SpongeBob Movie: Sponge Out of Water 2015,74000000,162994032,311013181,148019149,237013181,2015,"['Adventure', 'Animation', 'Comedy']","['Mike Mitchell', ' Paul Tibbitt']"
277,The Angry Birds Movie 2016,73000000,107509366,352327887,244818521,279327887,2016,"['Action', 'Animation', 'Comedy']","['Clay Kaytis', ' Fergal Reilly']"
278,Olympus Has Fallen 2013,70000000,98927592,172878928,73951336,102878928,2013,"['Action', 'Thriller']",['Antoine Fuqua']
279,War Horse 2011,70000000,79883359,156815529,76932170,86815529,2011,"['Drama', 'History', 'War']",['Steven Spielberg']
280,The Monuments Men 2014,70000000,78031620,158702748,80671128,88702748,2014,"['Comedy', 'Drama', 'History']",['George Clooney']
281,Storks 2016,70000000,72679278,183353431,110674153,113353431,2016,"['Adventure', 'Animation', 'Comedy']","['Doug Sweetland', ' Nicholas Stoller']"
282,The Lego Ninjago Movie 2017,70000000,59281555,122737201,63455646,52737201,2017,"['Action', 'Adventure', 'Animation']","['Charlie Bean', ' Paul Fisher', ' Bob Logan']"
283,Dracula Untold 2014,70000000,55991880,220241723,164249843,150241723,2014,"['Action', 'Drama', 'Fantasy']",['Gary Shore']
284,The Dilemma 2011,70000000,48475290,70546865,22071575,546865,2011,"['Comedy', 'Drama']",['Ron Howard']
285,Rock of Ages 2012,70000000,38518613,61031932,22513319,-8968068,2012,"['Comedy', 'Drama', 'Musical']",['Adam Shankman']
286,The Finest Hours 2016,70000000,27569558,49252761,21683203,-20747239,2016,"['Action', 'Drama', 'History']",['Craig Gillespie']
287,Escape Plan 2013,70000000,25135965,103735965,78600000,33735965,2013,"['Action', 'Crime', 'Mystery']",['Mikael HÃ¥fstrÃ¶m']
288,Killer Elite 2011,70000000,25124986,65409046,40284060,-4590954,2011,"['Action', 'Crime', 'Thriller']",['Gary McKendry']
289,The Legend of Hercules 2014,70000000,18848538,58953319,40104781,-11046681,2014,"['Action', 'Adventure', 'Fantasy']",['Renny Harlin']
290,Blackhat 2015,70000000,8005980,19665004,11659024,-50334996,2015,"['Action', 'Crime', 'Thriller']",['Michael Mann']
291,Despicable Me 2010,69000000,251513985,543464573,291950588,474464573,2010,"['Animation', 'Comedy', 'Family']","['Chris Renaud', ' Pierre Coffin']"
292,Dinner for Schmucks 2010,69000000,73026337,86796502,13770165,17796502,2010,['Comedy'],['Jay Roach']
293,Red Sparrow 2018,69000000,46874505,145951861,99077356,76951861,2018,"['Action', 'Drama', 'Thriller']",['Francis Lawrence']
294,The Twilight Saga: Eclipse 2010,68000000,300531751,706102828,405571077,638102828,2010,"['Adventure', 'Drama', 'Fantasy']",['David Slade']
295,Ted 2 2015,68000000,81476385,217214143,135737758,149214143,2015,['Comedy'],['Seth MacFarlane']
296,Hall Pass 2011,68000000,45060734,87173475,42112741,19173475,2011,"['Comedy', 'Romance']","['Bobby Farrelly', ' Peter Farrelly']"
297,Downsizing 2017,68000000,24449754,54462971,30013217,-13537029,2017,"['Drama', 'Sci-Fi']",['Alexander Payne']
298,Abraham Lincoln: Vampire Hunter 2012,67500000,37519139,137489730,99970591,69989730,2012,"['Action', 'Fantasy', 'Horror']",['Timur Bekmambetov']
299,Need for Speed 2014,66000000,43568507,194169619,150601112,128169619,2014,"['Action', 'Crime', 'Thriller']",['Scott Waugh']
300,Lincoln 2012,65000000,182207973,273346281,91138308,208346281,2012,"['Biography', 'Drama', 'History']",['Steven Spielberg']
301,Hotel Transylvania 3: Summer Vacation 2018,65000000,167500092,527079962,359579870,462079962,2018,"['Adventure', 'Animation', 'Comedy']",['Genndy Tartakovsky']
302,Due Date 2010,65000000,100539043,211739043,111200000,146739043,2010,"['Adventure', 'Comedy']",['Todd Phillips']
303,Annie 2014,65000000,85911262,139829625,53918363,74829625,2014,"['Comedy', 'Drama', 'Family']",['Will Gluck']
304,The Dictator 2012,65000000,59650222,180148897,120498675,115148897,2012,['Comedy'],['Larry Charles']
305,This Means War 2012,65000000,54760791,156974557,102213766,91974557,2012,"['Action', 'Comedy', 'Romance']",['McG']
306,Focus 2015,65000000,53862963,168065700,114202737,103065700,2015,"['Comedy', 'Crime', 'Drama']","['John Requa', ' Glenn Ficarra']"
307,Red Dawn 2012,65000000,44806783,48164150,3357367,-16835850,2012,"['Action', 'Sci-Fi', 'Thriller']",['Dan Bradley']
308,Everest 2015,65000000,43482270,221297061,177814791,156297061,2015,"['Action', 'Adventure', 'Biography']",['Baltasar KormÃ¡kur']
309,Resident Evil: Retribution 2012,65000000,42345531,240647629,198302098,175647629,2012,"['Action', 'Horror', 'Sci-Fi']",['Paul W.S. Anderson']
310,"I, Frankenstein 2014",65000000,19075290,74575290,55500000,9575290,2014,"['Action', 'Fantasy', 'Horror']",['Stuart Beattie']
311,Sin City: A Dame to Kill For 2014,65000000,13757804,40650842,26893038,-24349158,2014,"['Crime', 'Thriller']","['Robert Rodriguez', ' Frank Miller']"
312,Live by Night 2016,65000000,10378555,21774432,11395877,-43225568,2016,"['Action', 'Crime', 'Drama']",['Ben Affleck']
313,Air Strike 2018,65000000,0,516279,516279,-64483721,2018,"['Action', 'Adventure', 'Drama']",['Xiao Feng']
314,Hop 2011,63000000,108085305,188657593,80572288,125657593,2011,"['Adventure', 'Animation', 'Comedy']",['Tim Hill']
315,American Assassin 2017,63000000,36249674,68310140,32060466,5310140,2017,"['Action', 'Thriller']",['Michael Cuesta']
316,The Hateful Eight 2015,62000000,54117416,147864886,93747470,85864886,2015,"['Crime', 'Drama', 'Mystery']",['Quentin Tarantino']
317,Gone Girl 2014,61000000,167767189,368567189,200800000,307567189,2014,"['Drama', 'Mystery', 'Thriller']",['David Fincher']
318,Maze Runner: The Scorch Trials 2015,61000000,81697192,310566162,228868970,249566162,2015,"['Action', 'Sci-Fi', 'Thriller']",['Wes Ball']
319,2 Guns 2013,61000000,75612460,132493015,56880555,71493015,2013,"['Action', 'Comedy', 'Crime']",['Baltasar KormÃ¡kur']
320,The Lego Movie 2014,60000000,257784718,457729388,199944670,397729388,2014,"['Action', 'Adventure', 'Animation']","['Phil Lord', ' Christopher Miller']"
321,Sully 2016,60000000,125070033,238524556,113454523,178524556,2016,"['Biography', 'Drama']",['Clint Eastwood']
322,Eat Pray Love 2010,60000000,80574010,206598789,126024779,146598789,2010,"['Drama', 'Romance']",['Ryan Murphy']
323,Jack Reacher 2012,60000000,80070736,217370736,137300000,157370736,2012,"['Action', 'Crime', 'Thriller']",['Christopher McQuarrie']
324,Contagion 2011,60000000,75658097,137551594,61893497,77551594,2011,"['Action', 'Drama', 'Thriller']",['Steven Soderbergh']
325,London Has Fallen 2016,60000000,62524260,195194085,132669825,135194085,2016,"['Action', 'Thriller']",['Babak Najafi']
326,Jack Reacher: Never Go Back 2016,60000000,58697076,159946489,101249413,99946489,2016,"['Action', 'Thriller']",['Edward Zwick']
327,Baywatch 2017,60000000,58060186,175863783,117803597,115863783,2017,"['Action', 'Comedy', 'Crime']",['Seth Gordon']
328,ParaNorman 2012,60000000,56003051,108119662,52116611,48119662,2012,"['Adventure', 'Animation', 'Comedy']","['Chris Butler', ' Sam Fell']"
329,The Boxtrolls 2014,60000000,50837305,111946251,61108946,51946251,2014,"['Adventure', 'Animation', 'Comedy']","['Graham Annable', ' Anthony Stacchi']"
330,The Dark Tower 2017,60000000,50701325,113461527,62760202,53461527,2017,"['Action', 'Adventure', 'Fantasy']",['Nikolaj Arcel']
331,Jack Ryan: Shadow Recruit 2014,60000000,50577412,131377412,80800000,71377412,2014,"['Action', 'Drama', 'Thriller']",['Kenneth Branagh']
332,Gangster Squad 2013,60000000,46000903,104100903,58100000,44100903,2013,"['Action', 'Crime', 'Drama']",['Ruben Fleischer']
333,Smurfs: The Lost Village 2017,60000000,45020282,197578586,152558304,137578586,2017,"['Adventure', 'Animation', 'Comedy']",['Kelly Asbury']
334,First Man 2018,60000000,44936545,105203825,60267280,45203825,2018,"['Biography', 'Drama', 'History']",['Damien Chazelle']
335,Edge of Darkness 2010,60000000,43313890,82812456,39498566,22812456,2010,"['Crime', 'Drama', 'Mystery']",['Martin Campbell']
336,Trouble with the Curve 2012,60000000,35763137,47818913,12055776,-12181087,2012,"['Drama', 'Sport']",['Robert Lorenz']
337,Cold Pursuit 2019,60000000,32138862,62599159,30460297,2599159,2019,"['Action', 'Crime', 'Drama']",['Hans Petter Moland']
338,The Mortal Instruments: City of Bones 2013,60000000,31165421,75965567,44800146,15965567,2013,"['Action', 'Fantasy', 'Horror']",['Harald Zwart']
339,Priest 2011,60000000,29136626,84154026,55017400,24154026,2011,"['Action', 'Adventure', 'Fantasy']",['Scott Stewart']
340,Mortdecai 2015,60000000,7696134,30396134,22700000,-29603866,2015,"['Action', 'Comedy', 'Crime']",['David Koepp']
341,The Ridiculous 6 2015,60000000,0,0,0,-60000000,2015,"['Comedy', 'Western']",['Frank Coraci']
342,Sherlock Gnomes 2018,59000000,43242871,87527651,44284780,28527651,2018,"['Adventure', 'Animation', 'Comedy']",['John Stevenson']
343,The Kid Who Would Be King 2019,59000000,16790790,28348446,11557656,-30651554,2019,"['Action', 'Adventure', 'Family']",['Joe Cornish']
344,Deadpool 2016,58000000,363070709,801025593,437954884,743025593,2016,"['Action', 'Adventure', 'Comedy']",['Tim Miller']
345,American Sniper 2014,58000000,350126372,547326372,197200000,489326372,2014,"['Action', 'Biography', 'Drama']",['Clint Eastwood']
346,Goosebumps 2015,58000000,80069458,158905324,78835866,100905324,2015,"['Adventure', 'Comedy', 'Family']",['Rob Letterman']
347,Red Tails 2012,58000000,49876377,50365498,489121,-7634502,2012,"['Action', 'Adventure', 'Drama']",['Anthony Hemingway']
348,The Internship 2013,58000000,44672764,93672764,49000000,35672764,2013,['Comedy'],['Shawn Levy']
349,Resident Evil: Afterlife 2010,57500000,60128566,295874190,235745624,238374190,2010,"['Action', 'Adventure', 'Horror']",['Paul W.S. Anderson']
350,That's My Boy 2012,57500000,36931089,58085235,21154146,585235,2012,['Comedy'],['Sean Anders']
351,Into the Woods 2014,56200000,128002372,213116401,85114029,156916401,2014,"['Adventure', 'Comedy', 'Drama']",['Rob Marshall']
352,Bohemian Rhapsody 2018,55000000,216303339,894985342,678682003,839985342,2018,"['Biography', 'Drama', 'Music']",['Bryan Singer']
353,Fifty Shades Darker 2017,55000000,114434010,381398492,266964482,326398492,2017,"['Drama', 'Romance']",['James Foley']
354,Captain Phillips 2013,55000000,107136417,220648184,113511767,165648184,2013,"['Biography', 'Drama', 'Thriller']",['Paul Greengrass']
355,Murder on the Orient Express 2017,55000000,102826543,345922730,243096187,290922730,2017,"['Crime', 'Drama', 'Mystery']",['Kenneth Branagh']
356,The Equalizer 2014,55000000,101530738,192903624,91372886,137903624,2014,"['Action', 'Crime', 'Thriller']",['Antoine Fuqua']
357,Fifty Shades Freed 2018,55000000,100407760,371350619,270942859,316350619,2018,"['Drama', 'Romance', 'Thriller']",['James Foley']
358,Date Night 2010,55000000,98711404,152269033,53557629,97269033,2010,"['Comedy', 'Crime', 'Romance']",['Shawn Levy']
359,Free Birds 2013,55000000,55750480,110387072,54636592,55387072,2013,"['Adventure', 'Animation', 'Comedy']",['Jimmy Hayward']
360,Muppets Most Wanted 2014,55000000,51178893,79312301,28133408,24312301,2014,"['Adventure', 'Comedy', 'Crime']",['James Bobin']
361,Kubo and the Two Strings 2016,55000000,48023088,77548122,29525034,22548122,2016,"['Action', 'Adventure', 'Animation']",['Travis Knight']
362,Burlesque 2010,55000000,39440655,90552675,51112020,35552675,2010,"['Drama', 'Music', 'Musical']",['Steve Antin']
363,The Watch 2012,55000000,34353000,67130045,32777045,12130045,2012,"['Action', 'Comedy', 'Horror']",['Akiva Schaffer']
364,Annihilation 2018,55000000,32732301,43070915,10338614,-11929085,2018,"['Adventure', 'Drama', 'Horror']",['Alex Garland']
365,Crimson Peak 2015,55000000,31090320,74966854,43876534,19966854,2015,"['Drama', 'Fantasy', 'Horror']",['Guillermo del Toro']
366,The Pirates! Band of Misfits 2012,55000000,31051126,136143605,105092479,81143605,2012,"['Adventure', 'Animation', 'Comedy']","['Jeff Newitt', ' Peter Lord']"
367,Black Mass 2015,53000000,62575678,98837872,36262194,45837872,2015,"['Biography', 'Crime', 'Drama']",['Scott Cooper']
368,Zero Dark Thirty 2012,52500000,95720716,134612435,38891719,82112435,2012,"['Drama', 'Thriller']",['Kathryn Bigelow']
369,Valentine's Day 2010,52000000,110485654,217569328,107083674,165569328,2010,"['Comedy', 'Romance']",['Garry Marshall']
370,The Change-Up 2011,52000000,37243418,75997067,38753649,23997067,2011,"['Comedy', 'Fantasy']",['David Dobkin']
371,The Adjustment Bureau 2011,50200000,62495645,126931325,64435680,76731325,2011,"['Romance', 'Sci-Fi', 'Thriller']",['George Nolfi']
372,Ted 2012,50000000,218665740,556016627,337350887,506016627,2012,"['Comedy', 'Fantasy']",['Seth MacFarlane']
373,22 Jump Street 2014,50000000,191719337,331333876,139614539,281333876,2014,"['Action', 'Comedy', 'Crime']","['Phil Lord', ' Christopher Miller']"
374,Central Intelligence 2016,50000000,127440871,217194805,89753934,167194805,2016,"['Action', 'Comedy', 'Crime']",['Rawson Marshall Thurber']
375,Anchorman 2: The Legend Continues 2013,50000000,127352707,172185754,44833047,122185754,2013,['Comedy'],['Adam McKay']
376,Super 8 2011,50000000,127004179,257972745,130968566,207972745,2011,"['Mystery', 'Sci-Fi', 'Thriller']",['J.J. Abrams']
377,Creed II 2018,50000000,115715889,213591522,97875633,163591522,2018,"['Drama', 'Sport']",['Steven Caple Jr.']
378,Peter Rabbit 2018,50000000,115234093,347136477,231902384,297136477,2018,"['Adventure', 'Animation', 'Comedy']",['Will Gluck']
379,Non-Stop 2014,50000000,91742160,222383055,130640895,172383055,2014,"['Action', 'Mystery', 'Thriller']",['Jaume Collet-Serra']
380,The Emoji Movie 2017,50000000,86089513,216562312,130472799,166562312,2017,"['Adventure', 'Animation', 'Comedy']",['Tony Leondis']
381,The Post 2017,50000000,81903458,179748880,97845422,129748880,2017,"['Biography', 'Drama', 'History']",['Steven Spielberg']
382,We Bought a Zoo 2011,50000000,75624550,118729073,43104523,68729073,2011,"['Comedy', 'Drama', 'Family']",['Cameron Crowe']
383,Moneyball 2011,50000000,75605492,111300835,35695343,61300835,2011,"['Biography', 'Drama', 'Sport']",['Bennett Miller']
384,American Reunion 2012,50000000,56758835,236799211,180040376,186799211,2012,['Comedy'],"['Jon Hurwitz', ' Hayden Schlossberg']"
385,Hansel & Gretel: Witch Hunters 2013,50000000,55703475,214949716,159246241,164949716,2013,"['Action', 'Fantasy', 'Horror']",['Tommy Wirkola']
386,American Made 2017,50000000,51342000,135569212,84227212,85569212,2017,"['Action', 'Biography', 'Comedy']",['Doug Liman']
387,The Book of Life 2014,50000000,50151543,97651543,47500000,47651543,2014,"['Adventure', 'Animation', 'Comedy']",['Jorge R. GutiÃ©rrez']
388,The Judge 2014,50000000,47119388,76119388,29000000,26119388,2014,"['Crime', 'Drama']",['David Dobkin']
389,War Dogs 2016,50000000,43034523,86234503,43199980,36234503,2016,"['Comedy', 'Crime', 'Drama']",['Todd Phillips']
390,The Nice Guys 2016,50000000,36261763,59596747,23334984,9596747,2016,"['Action', 'Comedy', 'Crime']",['Shane Black']
391,Marmaduke 2010,50000000,33644788,89895930,56251142,39895930,2010,"['Comedy', 'Family']",['Tom Dey']
392,Hereafter 2010,50000000,32746941,108660270,75913329,58660270,2010,"['Drama', 'Fantasy', 'Romance']",['Clint Eastwood']
393,Zoolander 2 2016,50000000,28848693,55348693,26500000,5348693,2016,['Comedy'],['Ben Stiller']
394,The Host 2013,50000000,26623701,64477051,37853350,14477051,2013,"['Action', 'Adventure', 'Drama']",['Andrew Niccol']
395,Run All Night 2015,50000000,26461644,66961644,40500000,16961644,2015,"['Action', 'Drama', 'Thriller']",['Jaume Collet-Serra']
396,Your Highness 2011,50000000,21596445,26121638,4525193,-23878362,2011,"['Adventure', 'Comedy', 'Fantasy']",['David Gordon Green']
397,Snowden 2016,50000000,21587519,35380918,13793399,-14619082,2016,"['Biography', 'Drama', 'Thriller']",['Oliver Stone']
398,Free State of Jones 2016,50000000,20810036,23237252,2427216,-26762748,2016,"['Action', 'Biography', 'Drama']",['Gary Ross']
399,Beautiful Creatures 2013,50000000,19452138,60282876,40830738,10282876,2013,"['Drama', 'Fantasy', 'Romance']",['Richard LaGravenese']
400,Drive Angry 2011,50000000,10721033,41042583,30321550,-8957417,2011,"['Action', 'Fantasy', 'Thriller']",['Patrick Lussier']
401,Early Man 2018,50000000,8267544,45285890,37018346,-4714110,2018,"['Adventure', 'Animation', 'Comedy']",['Nick Park']
402,Child 44 2015,50000000,1224330,8004221,6779891,-41995779,2015,"['Crime', 'Drama', 'History']",['Daniel Espinosa']
403,The Rhythm Section 2019,50000000,0,0,0,-50000000,2019,"['Action', 'Mystery', 'Thriller']",['Reed Morano']
404,Ad Astra 2019,49800000,0,0,0,-49800000,2019,"['Adventure', 'Drama', 'Mystery']",['James Gray']
405,Chappie 2015,49000000,31569268,105002056,73432788,56002056,2015,"['Action', 'Crime', 'Drama']",['Neill Blomkamp']
406,Instant Family 2018,48000000,67363237,119736188,52372951,71736188,2018,"['Comedy', 'Drama']",['Sean Anders']
407,Tooth Fairy 2010,48000000,60022256,112610386,52588130,64610386,2010,"['Comedy', 'Family', 'Fantasy']",['Michael Lembeck']
408,The Infiltrator 2016,47500000,15436808,20718104,5281296,-26781896,2016,"['Biography', 'Crime', 'Drama']",['Brad Furman']
409,Arrival 2016,47000000,100546139,203127894,102581755,156127894,2016,"['Drama', 'Mystery', 'Sci-Fi']",['Denis Villeneuve']
410,Jonah Hex 2010,47000000,10547117,11022696,475579,-35977304,2010,"['Action', 'Drama', 'Fantasy']",['Jimmy Hayward']
411,Silence 2016,46500000,7100177,23726626,16626449,-22773374,2016,"['Adventure', 'Drama', 'History']",['Martin Scorsese']
412,Prisoners 2013,46000000,61002302,113402302,52400000,67402302,2013,"['Crime', 'Drama', 'Mystery']",['Denis Villeneuve']
413,Taken 2 2012,45000000,139854287,377807404,237953117,332807404,2012,"['Action', 'Thriller']",['Olivier Megaton']
414,Pitch Perfect 3 2017,45000000,104897530,185736412,80838882,140736412,2017,"['Comedy', 'Music']",['Trish Sie']
415,The Muppets 2011,45000000,88625922,160971922,72346000,115971922,2011,"['Adventure', 'Comedy', 'Family']",['James Bobin']
416,The Bounty Hunter 2010,45000000,67061228,135808837,68747609,90808837,2010,"['Action', 'Comedy', 'Romance']",['Andy Tennant']
417,Office Christmas Party 2016,45000000,54767494,91323299,36555805,46323299,2016,['Comedy'],"['Josh Gordon', ' Will Speck']"
418,Savages 2012,45000000,47323100,82513490,35190390,37513490,2012,"['Crime', 'Drama', 'Thriller']",['Oliver Stone']
419,Blended 2014,45000000,46290741,127990741,81700000,82990741,2014,"['Comedy', 'Romance']",['Frank Coraci']
420,All Eyez on Me 2017,45000000,44922302,54876855,9954553,9876855,2017,"['Biography', 'Drama', 'Music']",['Benny Boom']
421,UglyDolls 2019,45000000,19894664,24644664,4750000,-20355336,2019,"['Adventure', 'Animation', 'Comedy']",['Kelly Asbury']
422,The Ghost Writer 2010,45000000,15541549,65532491,49990942,20532491,2010,"['Drama', 'Mystery', 'Thriller']",['Roman Polanski']
423,Dredd 2012,45000000,13414714,41467606,28052892,-3532394,2012,"['Action', 'Crime', 'Sci-Fi']",['Pete Travis']
424,The Rum Diary 2011,45000000,13109815,21544732,8434917,-23455268,2011,"['Comedy', 'Drama']",['Bruce Robinson']
425,Welcome to Marwen 2018,45000000,10763520,12874922,2111402,-32125078,2018,"['Biography', 'Comedy', 'Drama']",['Robert Zemeckis']
426,Johnny English Reborn 2011,45000000,8406711,164640401,156233690,119640401,2011,"['Action', 'Adventure', 'Comedy']",['Oliver Parker']
427,Foodfight! 2012,45000000,0,73706,73706,-44926294,2012,"['Action', 'Animation', 'Comedy']",['Lawrence Kasanoff']
428,Argo 2012,44500000,136025503,227140757,91115254,182640757,2012,"['Biography', 'Drama', 'Thriller']",['Ben Affleck']
429,Charlie St. Cloud 2010,44000000,31206263,48478084,17271821,4478084,2010,"['Drama', 'Fantasy', 'Romance']",['Burr Steers']
430,The Heat 2013,43000000,159581587,229727774,70146187,186727774,2013,"['Action', 'Comedy', 'Crime']",['Paul Feig']
431,The Mechanic 2011,42500000,29121498,76347393,47225895,33847393,2011,"['Action', 'Crime', 'Thriller']",['Simon West']
432,21 Jump Street 2012,42000000,138447667,202812429,64364762,160812429,2012,"['Action', 'Comedy', 'Crime']","['Phil Lord', ' Christopher Miller']"
433,Here Comes the Boom 2012,42000000,45290318,73239258,27948940,31239258,2012,"['Action', 'Comedy', 'Sport']",['Frank Coraci']
434,Red Riding Hood 2011,42000000,37662162,91678442,54016280,49678442,2011,"['Fantasy', 'Horror', 'Mystery']",['Catherine Hardwicke']
435,Holmes & Watson 2018,42000000,30568743,41926605,11357862,-73395,2018,"['Adventure', 'Comedy', 'Crime']",['Etan Cohen']
436,One for the Money 2012,42000000,26414527,36197221,9782694,-5802779,2012,"['Action', 'Comedy', 'Crime']",['Julie Anne Robinson']
437,Man on a Ledge 2012,42000000,18620000,49621440,31001440,7621440,2012,"['Action', 'Adventure', 'Crime']",['Asger Leth']
438,The Warrior's Way 2010,42000000,5666340,8514325,2847985,-33485675,2010,"['Action', 'Fantasy', 'Western']",['Sngmoo Lee']
439,Rocketman 2019,41000000,57342725,108642725,51300000,67642725,2019,"['Biography', 'Drama', 'Music']",['Dexter Fletcher']
440,The Big Year 2011,41000000,7204138,7684524,480386,-33315476,2011,['Comedy'],['David Frankel']
441,The Karate Kid 2010,40000000,176591618,351774938,175183320,311774938,2010,"['Action', 'Drama', 'Family']",['Harald Zwart']
442,Fifty Shades of Grey 2015,40000000,166167230,570998101,404830871,530998101,2015,"['Drama', 'Romance', 'Thriller']",['Sam Taylor-Johnson']
443,American Hustle 2013,40000000,150117807,257878294,107760487,217878294,2013,"['Crime', 'Drama']",['David O. Russell']
444,Lucy 2014,40000000,126573960,457507776,330933816,417507776,2014,"['Action', 'Sci-Fi', 'Thriller']",['Luc Besson']
445,Lone Survivor 2013,40000000,125095601,149804632,24709031,109804632,2013,"['Action', 'Biography', 'Drama']",['Peter Berg']
446,The Social Network 2010,40000000,96962694,224922135,127959441,184922135,2010,"['Biography', 'Drama']",['David Fincher']
447,Ride Along 2 2016,40000000,90862685,124827316,33964631,84827316,2016,"['Action', 'Comedy', 'Crime']",['Tim Story']
448,Get Hard 2015,40000000,90411453,106511453,16100000,66511453,2015,"['Comedy', 'Crime']",['Etan Cohen']
449,The Accountant 2016,40000000,86260045,152962083,66702038,112962083,2016,"['Action', 'Crime', 'Drama']","[""Gavin O'Connor""]"
450,Dumb and Dumber To 2014,40000000,86208010,156553592,70345582,116553592,2014,"['Adventure', 'Comedy']","['Bobby Farrelly', ' Peter Farrelly']"
451,The Other Woman 2014,40000000,83911193,195111193,111200000,155111193,2014,"['Comedy', 'Romance']",['Nick Cassavetes']
452,Bridge of Spies 2015,40000000,72313754,162498338,90184584,122498338,2015,"['Drama', 'History', 'Thriller']",['Steven Spielberg']
453,Hacksaw Ridge 2016,40000000,67209615,168904682,101695067,128904682,2016,"['Biography', 'Drama', 'History']",['Mel Gibson']
454,Unknown 2011,40000000,63686397,136123083,72436686,96123083,2011,"['Action', 'Mystery', 'Thriller']",['Jaume Collet-Serra']
455,Get Him to the Greek 2010,40000000,61153526,91455875,30302349,51455875,2010,"['Adventure', 'Comedy', 'Music']",['Nicholas Stoller']
456,The Lincoln Lawyer 2011,40000000,58009200,87145086,29135886,47145086,2011,"['Crime', 'Drama', 'Thriller']",['Brad Furman']
457,Horrible Bosses 2 2014,40000000,54445357,105945357,51500000,65945357,2014,"['Comedy', 'Crime']",['Sean Anders']
458,Predators 2010,40000000,52000688,127234389,75233701,87234389,2010,"['Action', 'Adventure', 'Sci-Fi']",['NimrÃ³d Antal']
459,The Odd Life of Timothy Green 2012,40000000,51853450,55249159,3395709,15249159,2012,"['Comedy', 'Drama', 'Family']",['Peter Hedges']
460,Jersey Boys 2014,40000000,47047013,65282732,18235719,25282732,2014,"['Biography', 'Drama', 'Music']",['Clint Eastwood']
461,Final Destination 5 2011,40000000,42587643,155011165,112423522,115011165,2011,['Horror'],['Steven Quale']
462,Sex Tape 2014,40000000,38543473,126069509,87526036,86069509,2014,"['Comedy', 'Romance']",['Jake Kasdan']
463,Scream 4 2011,40000000,38180928,95989590,57808662,55989590,2011,"['Horror', 'Mystery']",['Wes Craven']
464,Paul 2011,40000000,37412945,101162106,63749161,61162106,2011,"['Adventure', 'Comedy', 'Sci-Fi']",['Greg Mottola']
465,The Guilt Trip 2012,40000000,37134215,41294674,4160459,1294674,2012,"['Comedy', 'Drama']",['Anne Fletcher']
466,Colombiana 2011,40000000,36665854,72295262,35629408,32295262,2011,"['Action', 'Drama', 'Thriller']",['Olivier Megaton']
467,The Commuter 2018,40000000,36343858,101985431,65641573,61985431,2018,"['Action', 'Mystery', 'Thriller']",['Jaume Collet-Serra']
468,Arthur 2011,40000000,33035397,47787943,14752546,7787943,2011,"['Comedy', 'Romance']",['Jason Winer']
469,Patriots Day 2016,40000000,31886361,52837989,20951628,12837989,2016,"['Action', 'Crime', 'Drama']",['Peter Berg']
470,Morning Glory 2010,40000000,31011732,59795070,28783338,19795070,2010,"['Comedy', 'Drama', 'Romance']",['Roger Michell']
471,Long Shot 2019,40000000,30202860,43711031,13508171,3711031,2019,"['Comedy', 'Romance']",['Jonathan Levine']
472,Grudge Match 2013,40000000,29807260,69807260,40000000,29807260,2013,"['Comedy', 'Drama', 'Sport']",['Peter Segal']
473,The Nut Job 2: Nutty by Nature 2017,40000000,28370522,57438389,29067867,17438389,2017,"['Adventure', 'Animation', 'Comedy']",['Cal Brunker']
474,Season of the Witch 2011,40000000,24827228,91126600,66299372,51126600,2011,"['Action', 'Adventure', 'Fantasy']",['Dominic Sena']
475,Mechanic: Resurrection 2016,40000000,21218403,109738840,88520437,69738840,2016,"['Action', 'Adventure', 'Thriller']",['Dennis Gansel']
476,Big Miracle 2012,40000000,20157300,25268680,5111380,-14731320,2012,"['Biography', 'Drama', 'Family']",['Ken Kwapis']
477,The Impossible 2012,40000000,19019882,169590606,150570724,129590606,2012,"['Drama', 'History', 'Thriller']",['J.A. Bayona']
478,A Thousand Words 2012,40000000,18450127,20790486,2340359,-19209514,2012,"['Comedy', 'Drama']",['Brian Robbins']
479,The Gunman 2015,40000000,10664749,18594227,7929478,-21405773,2015,"['Action', 'Crime', 'Drama']",['Pierre Morel']
480,Paranoia 2013,40000000,7388654,16340767,8952113,-23659233,2013,"['Drama', 'Thriller']",['Robert Luketic']
481,Baahubali: The Beginning 2015,40000000,6738000,26736665,19998665,-13263335,2015,"['Action', 'Drama']",['S.S. Rajamouli']
482,The Hurricane Heist 2018,40000000,6115824,30963684,24847860,-9036316,2018,"['Action', 'Adventure', 'Crime']",['Rob Cohen']
483,Victor Frankenstein 2015,40000000,5775076,31124367,25349291,-8875633,2015,"['Drama', 'Horror', 'Sci-Fi']",['Paul McGuigan']
484,USS Indianapolis: Men of Courage 2016,40000000,0,1663785,1663785,-38336215,2016,"['Action', 'Drama', 'History']",['Mario Van Peebles']
485,The Goldfinch 2019,40000000,0,0,0,-40000000,2019,['Drama'],['John Crowley']
486,Frankenweenie 2012,39000000,35287788,81150788,45863000,42150788,2012,"['Animation', 'Comedy', 'Family']",['Tim Burton']
487,Captain Underpants: The First Epic Movie 2017,38000000,73921000,126577874,52656874,88577874,2017,"['Action', 'Animation', 'Comedy']",['David Soren']
488,Paul Blart: Mall Cop 2 2015,38000000,71091594,107650646,36559052,69650646,2015,"['Action', 'Comedy', 'Crime']",['Andy Fickman']
489,Why Him? 2016,38000000,60323786,117425156,57101370,79425156,2016,['Comedy'],['John Hamburg']
490,Water for Elephants 2011,38000000,58709717,116809717,58100000,78809717,2011,"['Drama', 'Romance']",['Francis Lawrence']
491,Life as We Know It 2010,38000000,53374681,105887837,52513156,67887837,2010,"['Comedy', 'Drama', 'Romance']",['Greg Berlanti']
492,Riddick 2013,38000000,42025135,94763758,52738623,56763758,2013,"['Action', 'Adventure', 'Sci-Fi']",['David Twohy']
493,The 5th Wave 2016,38000000,34912982,111336398,76423416,73336398,2016,"['Action', 'Adventure', 'Drama']",['J Blakeson']
494,Rush 2013,38000000,26947624,98230839,71283215,60230839,2013,"['Action', 'Biography', 'Drama']",['Ron Howard']
495,Only the Brave 2017,38000000,18340051,24555177,6215126,-13444823,2017,"['Action', 'Biography', 'Drama']",['Joseph Kosinski']
496,The Thing 2011,38000000,16999934,27573078,10573144,-10426922,2011,"['Horror', 'Mystery', 'Sci-Fi']",['Matthijs van Heijningen Jr.']
497,The Sisters Brothers 2018,38000000,3143056,13143056,10000000,-24856944,2018,"['Adventure', 'Comedy', 'Crime']",['Jacques Audiard']
498,What to Expect When You're Expecting 2012,37500000,41152203,88473016,47320813,50973016,2012,"['Comedy', 'Drama', 'Romance']",['Kirk Jones']
499,The Master 2012,37500000,16247159,50647416,34400257,13147416,2012,['Drama'],['Paul Thomas Anderson']
500,We're the Millers 2013,37000000,150394119,267816276,117422157,230816276,2013,"['Comedy', 'Crime']",['Rawson Marshall Thurber']
501,The Town 2010,37000000,92186262,152566881,60380619,115566881,2010,"['Crime', 'Drama', 'Thriller']",['Ben Affleck']
502,Dolphin Tale 2011,37000000,72286779,96068724,23781945,59068724,2011,"['Drama', 'Family']",['Charles Martin Smith']
503,Cop Out 2010,37000000,44875481,55909910,11034429,18909910,2010,"['Action', 'Comedy', 'Crime']",['Kevin Smith']
504,The Rite 2011,37000000,33047633,97143987,64096354,60143987,2011,"['Drama', 'Horror', 'Mystery']",['Mikael HÃ¥fstrÃ¶m']
505,Aloha 2015,37000000,21052030,25387091,4335061,-11612909,2015,"['Comedy', 'Drama', 'Romance']",['Cameron Crowe']
506,Hot Tub Time Machine 2010,36000000,50269859,65967750,15697891,29967750,2010,"['Comedy', 'Sci-Fi']",['Steve Pink']
507,Dolphin Tale 2 2014,36000000,42024533,57824533,15800000,21824533,2014,"['Drama', 'Family']",['Charles Martin Smith']
508,Collateral Beauty 2016,36000000,31016021,85309093,54293072,49309093,2016,"['Drama', 'Romance']",['David Frankel']
509,There Be Dragons 2011,36000000,1069334,4020990,2951656,-31979010,2011,"['Biography', 'Drama', 'War']",['Roland JoffÃ©']
510,It 2017,35000000,327481748,697457969,369976221,662457969,2017,"['Horror', 'Thriller']",['Andy Muschietti']
511,True Grit 2010,35000000,171243005,252276928,81033923,217276928,2010,"['Adventure', 'Drama', 'Western']","['Ethan Coen', ' Joel Coen']"
512,Identity Thief 2013,35000000,134506920,175361578,40854658,140361578,2013,"['Adventure', 'Comedy', 'Crime']",['Seth Gordon']
513,Horrible Bosses 2011,35000000,117538559,212417601,94879042,177417601,2011,"['Comedy', 'Crime']",['Seth Gordon']
514,Trainwreck 2015,35000000,110212700,141123897,30911197,106123897,2015,"['Comedy', 'Drama', 'Romance']",['Judd Apatow']
515,Saving Mr. Banks 2013,35000000,83299761,114962525,31662764,79962525,2013,"['Biography', 'Comedy', 'Drama']",['John Lee Hancock']
516,A Nightmare on Elm Street 2010,35000000,63075011,117729621,54654610,82729621,2010,"['Crime', 'Drama', 'Horror']",['Samuel Bayer']
517,Secretariat 2010,35000000,59699513,60376247,676734,25376247,2010,"['Biography', 'Drama', 'Family']",['Randall Wallace']
518,Friends with Benefits 2011,35000000,55802754,146595891,90793137,111595891,2011,"['Comedy', 'Romance']",['Will Gluck']
519,Neighbors 2: Sorority Rising 2016,35000000,55340730,108757621,53416891,73757621,2016,['Comedy'],['Nicholas Stoller']
520,Sicario: Day of the Soldado 2018,35000000,50065850,75885196,25819346,40885196,2018,"['Action', 'Crime', 'Drama']",['Stefano Sollima']
521,Poltergeist 2015,35000000,47425125,95713069,48287944,60713069,2015,"['Horror', 'Thriller']",['Gil Kenan']
522,Goosebumps 2: Haunted Halloween 2018,35000000,46697321,93291478,46594157,58291478,2018,"['Adventure', 'Comedy', 'Family']",['Ari Sandel']
523,12 Strong 2018,35000000,45819713,71118378,25298665,36118378,2018,"['Action', 'Drama', 'History']",['Nicolai Fuglsig']
524,Something Borrowed 2011,35000000,39046489,65084116,26037627,30084116,2011,"['Comedy', 'Drama', 'Romance']",['Luke Greenfield']
525,In Time 2011,35000000,37553932,165103952,127550020,130103952,2011,"['Action', 'Crime', 'Drama']",['Andrew Niccol']
526,The Back-up Plan 2010,35000000,37490007,75281179,37791172,40281179,2010,"['Comedy', 'Romance']",['Alan Poul']
527,J. Edgar 2011,35000000,37306030,84606030,47300000,49606030,2011,"['Biography', 'Crime', 'Drama']",['Clint Eastwood']
528,Mile 22 2018,35000000,36108758,66295121,30186363,31295121,2018,"['Action', 'Adventure', 'Thriller']",['Peter Berg']
529,Hot Pursuit 2015,35000000,34580201,45671512,11091311,10671512,2015,"['Action', 'Comedy', 'Crime']",['Anne Fletcher']
530,The Foreigner 2017,35000000,34393507,140783360,106389853,105783360,2017,"['Action', 'Thriller']",['Martin Campbell']
531,Abduction 2011,35000000,28087155,86648359,58561204,51648359,2011,"['Action', 'Mystery', 'Thriller']",['John Singleton']
532,Alex Cross 2012,35000000,25888412,35426759,9538347,426759,2012,"['Action', 'Crime', 'Mystery']",['Rob Cohen']
533,Whiskey Tango Foxtrot 2016,35000000,23083334,25350747,2267413,-9649253,2016,"['Biography', 'Comedy', 'Drama']","['John Requa', ' Glenn Ficarra']"
534,Hitman: Agent 47 2015,35000000,22467450,82182803,59715353,47182803,2015,"['Action', 'Adventure', 'Crime']",['Aleksander Bach']
535,Premium Rush 2012,35000000,20275446,31393201,11117755,-3606799,2012,"['Action', 'Crime', 'Thriller']",['David Koepp']
536,Broken City 2013,35000000,19701164,34480045,14778881,-519955,2013,"['Crime', 'Drama', 'Thriller']",['Allen Hughes']
537,Furry Vengeance 2010,35000000,17630465,39340177,21709712,4340177,2010,"['Comedy', 'Family']",['Roger Kumble']
538,Parker 2013,35000000,17616641,48543388,30926747,13543388,2013,"['Action', 'Crime', 'Thriller']",['Taylor Hackford']
539,The Tree of Life 2011,35000000,13305665,61721826,48416161,26721826,2011,"['Drama', 'Fantasy']",['Terrence Malick']
540,Sabotage 2014,35000000,10508518,18376443,7867925,-16623557,2014,"['Action', 'Crime', 'Drama']",['David Ayer']
541,The Walk 2015,35000000,10161183,61492104,51330921,26492104,2015,"['Crime', 'Thriller']",['Timothy Fielding']
542,Mandela: Long Walk to Freedom 2013,35000000,8323085,29890402,21567317,-5109598,2013,"['Biography', 'Drama', 'History']",['Justin Chadwick']
543,The Brothers Grimsby 2016,35000000,6864016,28720470,21856454,-6279530,2016,"['Action', 'Adventure', 'Comedy']",['Louis Leterrier']
544,The Snowman 2017,35000000,6670765,43226146,36555381,8226146,2017,"['Crime', 'Drama', 'Mystery']",['Tomas Alfredson']
545,A Hologram for the King 2016,35000000,4212494,11846010,7633516,-23153990,2016,"['Comedy', 'Drama', 'Romance']",['Tom Tykwer']
546,Stolen 2012,35000000,289773,17967746,17677973,-17032254,2012,"['Action', 'Crime', 'Thriller']",['Simon West']
547,Trespass 2011,35000000,16816,786532,769716,-34213468,2011,"['Crime', 'Drama', 'Thriller']",['Joel Schumacher']
548,The Darkest Hour 2011,34800000,21443494,62831715,41388221,28031715,2011,"['Action', 'Adventure', 'Horror']",['Chris Gorak']
549,Baby Driver 2017,34000000,107825862,228104185,120278323,194104185,2017,"['Action', 'Crime', 'Drama']",['Edgar Wright']
550,The Maze Runner 2014,34000000,102427862,348319861,245891999,314319861,2014,"['Action', 'Mystery', 'Sci-Fi']",['Wes Ball']
551,The Longest Ride 2015,34000000,37446117,63802928,26356811,29802928,2015,"['Drama', 'Romance']",['George Tillman Jr.']
552,The Darkest Minds 2018,34000000,12695691,38361428,25665737,4361428,2018,"['Action', 'Adventure', 'Drama']",['Jennifer Yuh Nelson']
553,Mike and Dave Need Wedding Dates 2016,33000000,46009673,75898100,29888427,42898100,2016,"['Adventure', 'Comedy', 'Romance']",['Jake Szymanski']
554,Step Up Revolution 2012,33000000,35074677,165552290,130477613,132552290,2012,"['Drama', 'Music', 'Romance']",['Scott Speer']
555,Safe 2012,33000000,17142080,41495213,24353133,8495213,2012,"['Action', 'Crime', 'Thriller']",['Boaz Yakin']
556,Freaks of Nature 2015,33000000,70958,70958,0,-32929042,2015,"['Comedy', 'Horror', 'Sci-Fi']",['Robbie Pickering']
557,Bridesmaids 2011,32500000,169211718,289632023,120420305,257132023,2011,"['Comedy', 'Romance']",['Paul Feig']
558,The Big Wedding 2013,32500000,21819348,48425971,26606623,15925971,2013,"['Comedy', 'Drama', 'Romance']",['Justin Zackham']
559,Takers 2010,32000000,57744720,70587268,12842548,38587268,2010,"['Action', 'Crime', 'Thriller']",['John Luessenhop']
560,Source Code 2011,32000000,54712227,140428499,85716272,108428499,2011,"['Action', 'Drama', 'Sci-Fi']",['Duncan Jones']
561,I Feel Pretty 2018,32000000,48795601,91553797,42758196,59553797,2018,"['Comedy', 'Romance']","['Marc Silverstein', ' Abby Kohn']"
562,"Big Mommas: Like Father, Like Son 2011",32000000,37915414,82332450,44417036,50332450,2011,"['Action', 'Comedy', 'Crime']",['John Whitesell']
563,The Incredible Burt Wonderstone 2013,32000000,22537881,27392609,4854728,-4607391,2013,"['Adventure', 'Comedy', 'Fantasy']",['Don Scardino']
564,Bad Times at the El Royale 2018,32000000,17839115,29204379,11365264,-2795621,2018,"['Crime', 'Drama', 'Mystery']",['Drew Goddard']
565,Going the Distance 2010,32000000,17804299,43603990,25799691,11603990,2010,"['Comedy', 'Romance']",['Nanette Burstein']
566,Repo Men 2010,32000000,13942007,18195238,4253231,-13804762,2010,"['Action', 'Crime', 'Sci-Fi']",['Miguel Sapochnik']
567,42 2013,31000000,95020213,97470701,2450488,66470701,2013,"['Biography', 'Drama', 'Sport']",['Brian Helgeland']
568,Flight 2012,31000000,93772375,160558438,66786063,129558438,2012,"['Drama', 'Thriller']",['Robert Zemeckis']
569,The Grand Budapest Hotel 2014,31000000,59076019,163981261,104905242,132981261,2014,"['Adventure', 'Comedy', 'Crime']",['Wes Anderson']
570,Vacation 2015,31000000,58884188,102306500,43422312,71306500,2015,"['Adventure', 'Comedy']","['John Francis Daley', ' Jonathan Goldstein']"
571,Extraordinary Measures 2010,31000000,12482741,15826984,3344243,-15173016,2010,['Drama'],['Tom Vaughan']
572,Crazy Rich Asians 2018,30000000,174532921,238099711,63566790,208099711,2018,"['Comedy', 'Romance']",['Jon M. Chu']
573,The Vow 2012,30000000,125014030,197618160,72604130,167618160,2012,"['Drama', 'Romance']",['Michael Sucsy']
574,Lee Daniels' The Butler 2013,30000000,116632095,177025498,60393403,147025498,2013,"['Biography', 'Drama']",['Lee Daniels']
575,Sisters 2015,30000000,87044645,106030660,18986015,76030660,2015,['Comedy'],['Jason Moore']
576,Looper 2012,30000000,66486205,170466405,103980200,140466405,2012,"['Action', 'Crime', 'Drama']",['Rian Johnson']
577,Warm Bodies 2013,30000000,66380662,115121608,48740946,85121608,2013,"['Comedy', 'Horror', 'Romance']",['Jonathan Levine']
578,The Nut Job 2014,30000000,64251538,122529966,58278428,92529966,2014,"['Adventure', 'Animation', 'Comedy']",['Peter Lepeniotis']
579,Hope Springs 2012,30000000,63536011,133085295,69549284,103085295,2012,"['Comedy', 'Drama', 'Romance']",['David Frankel']
580,Darkest Hour 2017,30000000,56443120,150807172,94364052,120807172,2017,"['Biography', 'Drama', 'History']",['Joe Wright']
581,Letters to Juliet 2010,30000000,53032453,82148538,29116085,52148538,2010,"['Adventure', 'Comedy', 'Drama']",['Gary Winick']
582,Southpaw 2015,30000000,52421953,94156456,41734503,64156456,2015,"['Drama', 'Sport']",['Antoine Fuqua']
583,Atomic Blonde 2017,30000000,51573925,98345423,46771498,68345423,2017,"['Action', 'Mystery', 'Thriller']",['David Leitch']
584,Sicario 2015,30000000,46889293,84393749,37504456,54393749,2015,"['Action', 'Crime', 'Drama']",['Denis Villeneuve']
585,Den of Thieves 2018,30000000,44947622,80131391,35183769,50131391,2018,"['Action', 'Crime', 'Drama']",['Christian Gudegast']
586,The Three Stooges 2012,30000000,44338224,54052249,9714025,24052249,2012,"['Comedy', 'Family']","['Bobby Farrelly', ' Peter Farrelly']"
587,John Wick 2014,30000000,43037835,76235001,33197166,46235001,2014,"['Action', 'Crime', 'Thriller']","['David Leitch', ' Chad Stahelski']"
588,The Age of Adaline 2015,30000000,42629776,68984536,26354760,38984536,2015,"['Drama', 'Fantasy', 'Romance']",['Lee Toland Krieger']
589,Step Up 3D 2010,30000000,42400223,165889117,123488894,135889117,2010,"['Drama', 'Music', 'Romance']",['Jon M. Chu']
590,Hanna 2011,30000000,40259119,65343694,25084575,35343694,2011,"['Action', 'Drama', 'Thriller']",['Joe Wright']
591,The 15:17 to Paris 2018,30000000,36276286,56096200,19819914,26096200,2018,"['Biography', 'Drama', 'Thriller']",['Clint Eastwood']
592,Larry Crowne 2011,30000000,35608245,61449135,25840890,31449135,2011,"['Comedy', 'Drama', 'Romance']",['Tom Hanks']
593,Carrie 2013,30000000,35266619,82409520,47142901,52409520,2013,"['Drama', 'Horror']",['Kimberly Peirce']
594,Death Wish 2018,30000000,34017028,48575965,14558937,18575965,2018,"['Action', 'Crime', 'Drama']",['Eli Roth']
595,Entourage 2015,30000000,32363404,46438538,14075134,16438538,2015,['Comedy'],['Doug Ellin']
596,Side Effects 2013,30000000,32172757,66742138,34569381,36742138,2013,"['Crime', 'Drama', 'Mystery']",['Steven Soderbergh']
597,Deliver Us from Evil 2014,30000000,30577122,87956618,57379496,57956618,2014,"['Horror', 'Mystery', 'Thriller']",['Scott Derrickson']
598,Get on Up 2014,30000000,30569935,33339868,2769933,3339868,2014,"['Biography', 'Drama', 'Music']",['Tate Taylor']
599,The Five-Year Engagement 2012,30000000,28700285,61623819,32923534,31623819,2012,"['Comedy', 'Romance']",['Nicholas Stoller']
600,Winnie the Pooh 2011,30000000,26692846,50145607,23452761,20145607,2011,"['Adventure', 'Animation', 'Comedy']","['Don Hall', ' Stephen J. Anderson']"
601,White Boy Rick 2018,30000000,24004833,25947983,1943150,-4052017,2018,"['Crime', 'Drama']",['Yann Demange']
602,Sanctum 2011,30000000,23209310,108957098,85747788,78957098,2011,"['Adventure', 'Drama', 'Thriller']",['Alister Grierson']
603,The Next Three Days 2010,30000000,21148651,67255916,46107265,37255916,2010,"['Action', 'Crime', 'Drama']",['Paul Haggis']
604,Proud Mary 2018,30000000,20868638,21709539,840901,-8290461,2018,"['Action', 'Crime', 'Drama']",['Babak Najafi']
605,Runner Runner 2013,30000000,19316646,60512680,41196034,30512680,2013,"['Crime', 'Thriller']",['Brad Furman']
606,Baahubali 2: The Conclusion 2017,30000000,18985794,263502914,244517120,233502914,2017,"['Action', 'Drama']",['S.S. Rajamouli']
607,Fright Night 2011,30000000,18298649,40520649,22222000,10520649,2011,"['Comedy', 'Horror']",['Craig Gillespie']
608,Steve Jobs 2015,30000000,17766658,35579007,17812349,5579007,2015,"['Biography', 'Drama']",['Danny Boyle']
609,The Last Stand 2013,30000000,12050299,48330757,36280458,18330757,2013,"['Action', 'Thriller']",['Jee-woon Kim']
610,Dead Man Down 2013,30000000,10895295,19599974,8704679,-10400026,2013,"['Action', 'Crime', 'Drama']",['Niels Arden Oplev']
611,The Space Between Us 2017,30000000,7885294,16481405,8596111,-13518595,2017,"['Adventure', 'Drama', 'Romance']",['Peter Chelsom']
612,Stronger 2017,30000000,4211129,8786752,4575623,-21213248,2017,"['Biography', 'Drama']",['David Gordon Green']
613,Machine Gun Preacher 2011,30000000,538690,3721988,3183298,-26278012,2011,"['Action', 'Biography', 'Crime']",['Marc Forster']
614,Wild Card 2015,30000000,3200,4315789,4312589,-25684211,2015,"['Action', 'Crime', 'Drama']",['Simon West']
615,Pitch Perfect 2 2015,29000000,184296230,287625468,103329238,258625468,2015,"['Comedy', 'Music']",['Elizabeth Banks']
616,The Boss 2016,29000000,63077560,78652207,15574647,49652207,2016,['Comedy'],['Ben Falcone']
617,Logan Lucky 2017,29000000,27778642,44264271,16485629,15264271,2017,"['Comedy', 'Crime', 'Drama']",['Steven Soderbergh']
618,Florence Foster Jenkins 2016,29000000,27383770,56000339,28616569,27000339,2016,"['Biography', 'Comedy', 'Drama']",['Stephen Frears']
619,Straight Outta Compton 2015,28000000,161197785,202182981,40985196,174182981,2015,"['Biography', 'Drama', 'History']",['F. Gary Gray']
620,Girls Trip 2017,28000000,115108515,140886353,25777838,112886353,2017,"['Comedy', 'Drama']",['Malcolm D. Lee']
621,A Bad Moms Christmas 2017,28000000,72110659,127710550,55599891,99710550,2017,"['Adventure', 'Comedy']","['Jon Lucas', ' Scott Moore']"
622,Safe Haven 2013,28000000,71399120,94050951,22651831,66050951,2013,"['Drama', 'Romance', 'Thriller']",['Lasse HallstrÃ¶m']
623,The Big Short 2015,28000000,70259870,133162752,62902882,105162752,2015,"['Biography', 'Comedy', 'Drama']",['Adam McKay']
624,"Alexander and the Terrible, Horrible, No Good, Very Bad Day 2014",28000000,66954149,101379287,34425138,73379287,2014,"['Comedy', 'Family']",['Miguel Arteta']
625,Last Vegas 2013,28000000,63914167,112914167,49000000,84914167,2013,"['Comedy', 'Drama']",['Jon Turteltaub']
626,Kick-Ass 2010,28000000,48071303,97531134,49459831,69531134,2010,"['Action', 'Comedy']",['Matthew Vaughn']
627,30 Minutes or Less 2011,28000000,37053924,40966716,3912792,12966716,2011,"['Action', 'Comedy', 'Crime']",['Ruben Fleischer']
628,3 Days to Kill 2014,28000000,30697999,38959900,8261901,10959900,2014,"['Action', 'Drama', 'Thriller']",['McG']
629,Kick-Ass 2 2013,28000000,28795985,63129909,34333924,35129909,2013,"['Action', 'Comedy', 'Crime']",['Jeff Wadlow']
630,A Walk Among the Tombstones 2014,28000000,26017685,62108587,36090902,34108587,2014,"['Action', 'Crime', 'Drama']",['Scott Frank']
631,The Spy Next Door 2010,28000000,24307106,46752858,22445752,18752858,2010,"['Action', 'Comedy', 'Family']",['Brian Levant']
632,Brick Mansions 2014,28000000,20396829,73421224,53024395,45421224,2014,"['Action', 'Crime']",['Camille Delamarre']
633,American Ultra 2015,28000000,14439985,30295028,15855043,2295028,2015,"['Action', 'Comedy', 'Sci-Fi']",['Nima Nourizadeh']
634,Pride and Prejudice and Zombies 2016,28000000,10907291,16638300,5731009,-11361700,2016,"['Action', 'Comedy', 'Horror']",['Burr Steers']
635,Joyful Noise 2012,27500000,30932113,31157914,225801,3657914,2012,"['Comedy', 'Drama', 'Music']",['Todd Graff']
636,Anonymous 2011,27500000,4463292,15815509,11352217,-11684491,2011,"['Drama', 'Thriller']",['Roland Emmerich']
637,Limitless 2011,27000000,79249455,155564919,76315464,128564919,2011,"['Mystery', 'Sci-Fi', 'Thriller']",['Neil Burger']
638,Money Monster 2016,27000000,41012075,93466095,52454020,66466095,2016,"['Crime', 'Drama', 'Thriller']",['Jodie Foster']
639,Pain & Gain 2013,26000000,49875291,81275291,31400000,55275291,2013,"['Action', 'Comedy', 'Crime']",['Michael Bay']
640,Legion 2010,26000000,40168080,67647574,27479494,41647574,2010,"['Action', 'Fantasy', 'Horror']",['Scott Stewart']
641,Lawless 2012,26000000,37397291,54393687,16996396,28393687,2012,"['Crime', 'Drama']",['John Hillcoat']
642,The Best of Me 2014,26000000,26766213,41059418,14293205,15059418,2014,"['Drama', 'Romance']",['Michael Hoffman']
643,The Raven 2012,26000000,16008272,30601801,14593529,4601801,2012,"['Crime', 'Mystery', 'Thriller']",['James McTeigue']
644,The Fifth Estate 2013,26000000,3254172,6154172,2900000,-19845828,2013,"['Biography', 'Drama', 'Thriller']",['Bill Condon']
645,Accidental Love 2015,26000000,0,135436,135436,-25864564,2015,"['Comedy', 'Romance']",['David O. Russell']
646,The Help 2011,25000000,169705587,213120004,43414417,188120004,2011,['Drama'],['Tate Taylor']
647,Hidden Figures 2016,25000000,169607287,231771716,62164429,206771716,2016,"['Biography', 'Drama', 'History']",['Theodore Melfi']
648,Ride Along 2014,25000000,134202565,153733800,19531235,128733800,2014,"['Action', 'Comedy', 'Crime']",['Tim Story']
649,Dear John 2010,25000000,80014842,142033509,62018667,117033509,2010,"['Drama', 'Romance', 'War']",['Lasse HallstrÃ¶m']
650,Parental Guidance 2012,25000000,77267296,120832383,43565087,95832383,2012,"['Comedy', 'Family']",['Andy Fickman']
651,No Strings Attached 2011,25000000,70662220,149228078,78565858,124228078,2011,"['Comedy', 'Romance']",['Ivan Reitman']
652,Contraband 2012,25000000,66528000,98406855,31878855,73406855,2012,"['Action', 'Crime', 'Drama']",['Baltasar KormÃ¡kur']
653,The Lucky One 2012,25000000,60457138,96633833,36176695,71633833,2012,"['Drama', 'Romance']",['Scott Hicks']
654,Madea's Big Happy Family 2011,25000000,53345287,54160818,815531,29160818,2011,"['Comedy', 'Drama']",['Tyler Perry']
655,The Giver 2014,25000000,45090374,66540205,21449831,41540205,2014,"['Drama', 'Romance', 'Sci-Fi']",['Phillip Noyce']
656,The Night Before 2015,25000000,43035725,52427346,9391621,27427346,2015,"['Adventure', 'Comedy', 'Fantasy']",['Jonathan Levine']
657,August: Osage County 2013,25000000,37738810,50738810,13000000,25738810,2013,"['Comedy', 'Drama']",['John Wells']
658,Million Dollar Arm 2014,25000000,36447959,39217912,2769953,14217912,2014,"['Biography', 'Drama', 'Sport']",['Craig Gillespie']
659,Peppermint 2018,25000000,35418723,51800758,16382035,26800758,2018,"['Action', 'Crime', 'Drama']",['Pierre Morel']
660,Fist Fight 2017,25000000,32187017,40286416,8099399,15286416,2017,['Comedy'],['Richie Keen']
661,The Sitter 2011,25000000,30542576,38749404,8206828,13749404,2011,['Comedy'],['David Gordon Green']
662,Draft Day 2014,25000000,28842237,29847480,1005243,4847480,2014,"['Drama', 'Sport']",['Ivan Reitman']
663,Rings 2017,25000000,27793018,82917283,55124265,57917283,2017,"['Drama', 'Horror', 'Mystery']",['F. Javier GutiÃ©rrez']
664,The Losers 2010,25000000,23591432,29863840,6272408,4863840,2010,"['Action', 'Adventure', 'Crime']",['Sylvain White']
665,The Eagle 2011,25000000,19490041,38993548,19503507,13993548,2011,"['Action', 'Adventure', 'Drama']",['Kevin Macdonald']
666,Shark Night 3D 2011,25000000,18877153,18877153,0,-6122847,2011,"['Horror', 'Thriller']",['David R. Ellis']
667,Father Figures 2017,25000000,17501244,21038441,3537197,-3961559,2017,"['Adventure', 'Comedy', 'Drama']",['Lawrence Sher']
668,The Counselor 2013,25000000,16973715,71009334,54035619,46009334,2013,"['Crime', 'Drama', 'Thriller']",['Ridley Scott']
669,My Soul to Take 2010,25000000,14744435,16727470,1983035,-8272530,2010,"['Horror', 'Mystery', 'Thriller']",['Wes Craven']
670,Warrior 2011,25000000,13657115,24215385,10558270,-784615,2011,"['Drama', 'Sport']","[""Gavin O'Connor""]"
671,Battle of the Sexes 2017,25000000,12638526,18445379,5806853,-6554621,2017,"['Biography', 'Comedy', 'Drama']","['Valerie Faris', ' Jonathan Dayton']"
672,Cirque du Soleil: Worlds Away 2012,25000000,12512862,28012862,15500000,3012862,2012,['Fantasy'],['Andrew Adamson']
673,The 33 2015,25000000,12227722,28400715,16172993,3400715,2015,"['Biography', 'Drama', 'History']",['Patricia Riggen']
674,Straw Dogs 2011,25000000,10324441,11253821,929380,-13746179,2011,"['Action', 'Drama', 'Thriller']",['Rod Lurie']
675,Beautiful Boy 2018,25000000,7634767,13031424,5396657,-11968576,2018,"['Biography', 'Drama']",['Felix van Groeningen']
676,Captive State 2019,25000000,5958315,8993300,3034985,-16006700,2019,"['Sci-Fi', 'Thriller']",['Rupert Wyatt']
677,Sgt. Stubby: An American Hero 2018,25000000,3054285,3645957,591672,-21354043,2018,"['Adventure', 'Animation', 'Family']",['Richard Lanni']
678,Carnage 2011,25000000,2546747,38112154,35565407,13112154,2011,"['Comedy', 'Drama']",['Roman Polanski']
679,Tulip Fever 2017,25000000,2455635,6792768,4337133,-18207232,2017,"['Drama', 'History', 'Romance']",['Justin Chadwick']
680,Love Ranch 2010,25000000,137885,146149,8264,-24853851,2010,"['Biography', 'Comedy', 'Drama']",['Taylor Hackford']
681,Ironclad 2011,25000000,0,5297411,5297411,-19702589,2011,"['Action', 'Adventure', 'Drama']",['Jonathan English']
682,The Professor and the Madman 2019,25000000,0,5227233,5227233,-19772767,2019,"['Biography', 'Drama', 'Mystery']",['Farhad Safinia']
683,Dangerous Liaisons 2012,24200000,17000,10447579,10430579,-13752421,2012,"['Drama', 'Mystery', 'Romance']",['Jin-ho Hur']
684,Think Like a Man Too 2014,24000000,65028687,70027933,4999246,46027933,2014,"['Comedy', 'Romance']",['Tim Story']
685,Fences 2016,24000000,57682904,64282881,6599977,40282881,2016,['Drama'],['Denzel Washington']
686,Footloose 2011,24000000,51802742,62989834,11187092,38989834,2011,"['Comedy', 'Drama', 'Music']",['Craig Brewer']
687,Going in Style 2017,24000000,45018541,78672579,33654038,54672579,2017,"['Comedy', 'Crime']",['Zach Braff']
688,Piranha 3D 2010,24000000,25003155,83660160,58657005,59660160,2010,"['Comedy', 'Horror']",['Alexandre Aja']
689,Faster 2010,24000000,23240020,35792945,12552925,11792945,2010,"['Action', 'Crime', 'Drama']",['George Tillman Jr.']
690,I Don't Know How She Does It 2011,24000000,9659074,24474463,14815389,474463,2011,"['Comedy', 'Romance']",['Douglas McGrath']
691,Dhoom 3 2013,24000000,8031955,11723620,3691665,-12276380,2013,"['Action', 'Thriller']",['Vijay Krishna Acharya']
692,Green Book 2018,23000000,85080171,322034439,236954268,299034439,2018,"['Biography', 'Comedy', 'Drama']",['Peter Farrelly']
693,The Wedding Ringer 2015,23000000,64460211,80171596,15711385,57171596,2015,['Comedy'],['Jeremy Garelick']
694,The Ides of March 2011,23000000,40962534,77735925,36773391,54735925,2011,"['Drama', 'Thriller']",['George Clooney']
695,The Hate U Give 2018,23000000,29719483,35067665,5348182,12067665,2018,"['Crime', 'Drama']",['George Tillman Jr.']
696,Nocturnal Animals 2016,22500000,10663357,32398681,21735324,9898681,2016,"['Drama', 'Thriller']",['Tom Ford']
697,The Hundred-Foot Journey 2014,22000000,54235441,94270488,40035047,72270488,2014,"['Comedy', 'Drama']",['Lasse HallstrÃ¶m']
698,Diary of a Wimpy Kid: Dog Days 2012,22000000,49008662,77229695,28221033,55229695,2012,"['Comedy', 'Family']",['David Bowers']
699,Delivery Man 2013,22000000,30659817,70536870,39877053,48536870,2013,"['Comedy', 'Drama']",['Ken Scott']
700,"Hail, Caesar! 2016",22000000,30080225,64160680,34080455,42160680,2016,"['Comedy', 'Drama', 'Music']","['Ethan Coen', ' Joel Coen']"
701,Diary of a Wimpy Kid: The Long Haul 2017,22000000,20738724,35609577,14870853,13609577,2017,"['Comedy', 'Family']",['David Bowers']
702,Homefront 2013,22000000,20158492,51695362,31536870,29695362,2013,"['Action', 'Thriller']",['Gary Fleder']
703,The Transporter Refueled 2015,22000000,16029670,69698495,53668825,47698495,2015,"['Action', 'Adventure', 'Crime']",['Camille Delamarre']
704,"Roman J. Israel, Esq. 2017",22000000,11962712,12967012,1004300,-9032988,2017,"['Crime', 'Drama', 'Thriller']",['Dan Gilroy']
705,Out of the Furnace 2013,22000000,11330849,15434375,4103526,-6565625,2013,"['Crime', 'Drama', 'Thriller']",['Scott Cooper']
706,Just Getting Started 2017,22000000,6069605,6756412,686807,-15243588,2017,"['Action', 'Comedy']",['Ron Shelton']
707,Before I Go to Sleep 2014,22000000,3242457,19563579,16321122,-2436421,2014,"['Drama', 'Horror', 'Mystery']",['Rowan Joffe']
708,Stone 2010,22000000,1810078,4065020,2254942,-17934980,2010,"['Drama', 'Thriller']",['John Curran']
709,To Rome with Love 2012,21500000,16684352,74326015,57641663,52826015,2012,"['Comedy', 'Music', 'Romance']",['Woody Allen']
710,Silver Linings Playbook 2012,21000000,132092958,236412453,104319495,215412453,2012,"['Comedy', 'Drama', 'Romance']",['David O. Russell']
711,Blockers 2018,21000000,60311495,94045328,33733833,73045328,2018,['Comedy'],['Kay Cannon']
712,Pet Sematary 2019,21000000,54724696,109501146,54776450,88501146,2019,"['Horror', 'Mystery', 'Thriller']","['Kevin KÃ¶lsch', ' Dennis Widmyer']"
713,Death at a Funeral 2010,21000000,42739347,48977233,6237886,27977233,2010,['Comedy'],['Neil LaBute']
714,For Colored Girls 2010,21000000,37729698,38017873,288175,17017873,2010,['Drama'],['Tyler Perry']
715,Tinker Tailor Soldier Spy 2011,21000000,24149393,81452811,57303418,60452811,2011,"['Drama', 'Mystery', 'Thriller']",['Tomas Alfredson']
716,The Beaver 2011,21000000,970816,5046038,4075222,-15953962,2011,['Drama'],['Jodie Foster']
717,Bitter Harvest 2017,21000000,557241,606162,48921,-20393838,2017,"['Drama', 'Romance', 'War']",['George Mendeluk']
718,Velvet Buzzsaw 2019,21000000,0,0,0,-21000000,2019,"['Horror', 'Mystery', 'Thriller']",['Dan Gilroy']
719,La La Land 2016,20000000,151101803,426351163,275249360,406351163,2016,"['Comedy', 'Drama', 'Music']",['Damien Chazelle']
720,The Conjuring 2013,20000000,137400141,318000141,180600000,298000141,2013,"['Horror', 'Mystery', 'Thriller']",['James Wan']
721,Wonder 2017,20000000,132422809,304604712,172181903,284604712,2017,"['Drama', 'Family']",['Stephen Chbosky']
722,Jackass 3D 2010,20000000,117229692,171685793,54456101,151685793,2010,"['Action', 'Comedy', 'Documentary']",['Jeff Tremaine']
723,Bad Moms 2016,20000000,113257297,180998716,67741419,160998716,2016,['Comedy'],"['Jon Lucas', ' Scott Moore']"
724,Tammy 2014,20000000,84525432,96407655,11882223,76407655,2014,"['Comedy', 'Romance']",['Ben Falcone']
725,The Descendants 2011,20000000,82624961,175507800,92882839,155507800,2011,"['Comedy', 'Drama']",['Alexander Payne']
726,The Last Song 2010,20000000,62950384,92678948,29728564,72678948,2010,"['Drama', 'Music', 'Romance']",['Julie Anne Robinson']
727,Why Did I Get Married Too? 2010,20000000,60095852,60831067,735215,40831067,2010,"['Comedy', 'Drama', 'Romance']",['Tyler Perry']
728,12 Years a Slave 2013,20000000,56671993,181025343,124353350,161025343,2013,"['Biography', 'Drama', 'History']",['Steve McQueen']
729,Me Before You 2016,20000000,56245075,208265198,152020123,188265198,2016,"['Drama', 'Romance']",['Thea Sharrock']
730,What Men Want 2019,20000000,54611903,69911903,15300000,49911903,2019,"['Comedy', 'Fantasy', 'Romance']",['Adam Shankman']
731,Barbershop: The Next Cut 2016,20000000,54030051,54404202,374151,34404202,2016,"['Comedy', 'Drama']",['Malcolm D. Lee']
732,A Simple Favor 2018,20000000,53548586,97628717,44080131,77628717,2018,"['Comedy', 'Crime', 'Drama']",['Paul Feig']
733,Spotlight 2015,20000000,45055776,92088460,47032684,72088460,2015,"['Crime', 'Drama']",['Tom McCarthy']
734,Acrimony 2018,20000000,43549096,46627836,3078740,26627836,2018,"['Drama', 'Romance', 'Thriller']",['Tyler Perry']
735,The Star 2017,20000000,40847995,62758010,21910015,42758010,2017,"['Adventure', 'Animation', 'Comedy']",['Timothy Reckart']
736,Vampires Suck 2010,20000000,36661504,81424988,44763484,61424988,2010,['Comedy'],"['Jason Friedberg', ' Aaron Seltzer']"
737,The American 2010,20000000,35606376,67950723,32344347,47950723,2010,"['Crime', 'Drama', 'Thriller']",['Anton Corbijn']
738,A Very Harold & Kumar 3D Christmas 2011,20000000,35061031,36265745,1204714,16265745,2011,"['Adventure', 'Comedy']",['Todd Strauss-Schulson']
739,Texas Chainsaw 3D 2013,20000000,34341945,47666013,13324068,27666013,2013,"['Horror', 'Thriller']",['John Luessenhop']
740,She's Out of My League 2010,20000000,32010860,48680977,16670117,28680977,2010,"['Comedy', 'Romance']",['Jim Field Smith']
741,The World's End 2013,20000000,26004851,47508505,21503654,27508505,2013,"['Action', 'Comedy', 'Sci-Fi']",['Edgar Wright']
742,You Again 2010,20000000,25702053,32838945,7136892,12838945,2010,"['Comedy', 'Family', 'Romance']",['Andy Fickman']
743,On the Basis of Sex 2018,20000000,24622687,38073377,13450690,18073377,2018,"['Biography', 'Drama']",['Mimi Leder']
744,Endless Love 2014,20000000,23438250,34718173,11279923,14718173,2014,"['Drama', 'Romance']",['Shana Feste']
745,Monte Carlo 2011,20000000,23186769,39686769,16500000,19686769,2011,"['Adventure', 'Comedy', 'Family']",['Thomas Bezucha']
746,Rough Night 2017,20000000,22105643,46844357,24738714,26844357,2017,"['Comedy', 'Crime', 'Thriller']",['Lucia Aniello']
747,Secret in Their Eyes 2015,20000000,20180155,32608019,12427864,12608019,2015,"['Crime', 'Drama', 'Mystery']",['Billy Ray']
748,Lockout 2012,20000000,14326865,33943049,19616184,13943049,2012,"['Action', 'Sci-Fi', 'Thriller']","['James Mather', ' Steve Saint Leger']"
749,What's Your Number? 2011,20000000,14011084,30163785,16152701,10163785,2011,"['Comedy', 'Romance']",['Mark Mylod']
750,Burnt 2015,20000000,13651946,36773510,23121564,16773510,2015,"['Comedy', 'Drama']",['John Wells']
751,Triple 9 2016,20000000,12639297,25943792,13304495,5943792,2016,"['Crime', 'Thriller']",['John Hillcoat']
752,The Light Between Oceans 2016,20000000,12545979,22281732,9735753,2281732,2016,"['Drama', 'Romance']",['Derek Cianfrance']
753,Let Me In 2010,20000000,12134935,28270399,16135464,8270399,2010,"['Drama', 'Fantasy', 'Horror']",['Matt Reeves']
754,Popstar: Never Stop Never Stopping 2016,20000000,9496130,9537120,40990,-10462880,2016,"['Comedy', 'Music']","['Akiva Schaffer', ' Jorma Taccone']"
755,Battle of the Year 2013,20000000,8888355,16723377,7835022,-3276623,2013,"['Drama', 'Music']",['Benson Lee']
756,Inherent Vice 2014,20000000,8110975,14772346,6661371,-5227654,2014,"['Comedy', 'Crime', 'Drama']",['Paul Thomas Anderson']
757,Machete Kills 2013,20000000,8008161,18273009,10264848,-1726991,2013,"['Action', 'Crime', 'Sci-Fi']",['Robert Rodriguez']
758,Little Boy 2015,20000000,6485961,17769299,11283338,-2230701,2015,"['Drama', 'History', 'War']",['Alejandro Monteverde']
759,Chasing Mavericks 2012,20000000,6002756,8300821,2298065,-11699179,2012,"['Biography', 'Drama', 'Sport']","['Michael Apted', ' Curtis Hanson']"
760,A Most Violent Year 2014,20000000,5749134,8846875,3097741,-11153125,2014,"['Crime', 'Drama', 'Thriller']",['J.C. Chandor']
761,A Dangerous Method 2011,20000000,5702083,14807531,9105448,-5192469,2011,"['Biography', 'Drama', 'Romance']",['David Cronenberg']
762,Hands of Stone 2016,20000000,4712792,5031975,319183,-14968025,2016,"['Action', 'Biography', 'Drama']",['Jonathan Jakubowicz']
763,The Cold Light of Day 2012,20000000,3763583,25361206,21597623,5361206,2012,"['Action', 'Thriller']",['Mabrouk El Mechri']
764,Suspiria 2018,20000000,2483472,7034615,4551143,-12965385,2018,"['Fantasy', 'Horror', 'Mystery']",['Luca Guadagnino']
765,My All-American 2015,20000000,2246000,2246000,0,-17754000,2015,"['Biography', 'Drama', 'Sport']",['Angelo Pizzo']
766,Middle Men 2010,20000000,754301,754301,0,-19245699,2010,"['Action', 'Comedy', 'Crime']",['Matt Marshall']
767,All Good Things 2010,20000000,582024,873617,291593,-19126383,2010,"['Crime', 'Drama', 'Mystery']",['Andrew Jarecki']
768,By the Sea 2015,20000000,538460,3727746,3189286,-16272254,2015,"['Drama', 'Romance']",['Angelina Jolie']
769,The Tempest 2010,20000000,277943,277943,0,-19722057,2010,"['Comedy', 'Drama', 'Fantasy']",['Julie Taymor']
770,Regression 2015,20000000,55039,15824374,15769335,-4175626,2015,"['Crime', 'Horror', 'Mystery']",['Alejandro AmenÃ¡bar']
771,Zambezia 2012,20000000,0,34454336,34454336,14454336,2012,"['Adventure', 'Animation', 'Comedy']",['Wayne Thornley']
772,The History of Love 2016,20000000,0,476624,476624,-19523376,2016,"['Drama', 'Romance', 'War']",['Radu Mihaileanu']
773,Dwegons and Leprechauns 2014,20000000,0,0,0,-20000000,2014,['Animation'],['Tom Walsh']
774,Fight Valley 2016,20000000,0,0,0,-20000000,2016,"['Action', 'Drama']",['Rob Hawk']
775,Bird Box 2018,19800000,0,0,0,-19800000,2018,"['Drama', 'Horror', 'Sci-Fi']",['Susanne Bier']
776,The Shape of Water 2017,19500000,63859435,195790794,131931359,176290794,2017,"['Adventure', 'Drama', 'Fantasy']",['Guillermo del Toro']
777,The Frozen Ground 2013,19200000,0,5617460,5617460,-13582540,2013,"['Crime', 'Drama', 'Mystery']",['Scott Walker']
778,The Devil's Double 2011,19100000,1361512,5965646,4604134,-13134354,2011,"['Biography', 'Drama', 'Thriller']",['Lee Tamahori']
779,Bad Teacher 2011,19000000,100292856,215448997,115156141,196448997,2011,"['Comedy', 'Romance']",['Jake Kasdan']
780,Sausage Party 2016,19000000,97670358,141344255,43673897,122344255,2016,"['Adventure', 'Animation', 'Comedy']","['Conrad Vernon', ' Greg Tiernan']"
781,The Crazies 2010,19000000,39123589,56445534,17321945,37445534,2010,"['Horror', 'Thriller']",['Breck Eisner']
782,The Switch 2010,19000000,27758465,49858465,22100000,30858465,2010,"['Comedy', 'Drama', 'Romance']","['Josh Gordon', ' Will Speck']"
783,Leap Year 2010,19000000,25918920,32618920,6700000,13618920,2010,"['Comedy', 'Romance']",['Anand Tucker']
784,The Book Thief 2013,19000000,21488481,76086711,54598230,57086711,2013,"['Drama', 'War']",['Brian Percival']
785,Take Me Home Tonight 2011,19000000,6928068,7576604,648536,-11423396,2011,"['Comedy', 'Drama', 'Romance']",['Michael Dowse']
786,Won't Back Down 2012,19000000,5310554,5745503,434949,-13254497,2012,['Drama'],['Daniel Barnz']
787,Action Point 2018,19000000,5059608,5103675,44067,-13896325,2018,['Comedy'],['Tim Kirkby']
788,Neighbors 2014,18000000,150086800,270944428,120857628,252944428,2014,['Comedy'],['Nicholas Stoller']
789,My Big Fat Greek Wedding 2 2016,18000000,59689605,92096558,32406953,74096558,2016,"['Comedy', 'Romance']",['Kirk Jones']
790,The Perfect Guy 2015,18000000,57027435,60278166,3250731,42278166,2015,"['Crime', 'Drama', 'Horror']",['David M. Rosenthal']
791,Diary of a Wimpy Kid: Rodrick Rules 2011,18000000,52698535,73695194,20996659,55695194,2011,"['Comedy', 'Family']",['David Bowers']
792,Soul Surfer 2011,18000000,43853424,47158652,3305228,29158652,2011,"['Biography', 'Drama', 'Family']",['Sean McNamara']
793,Uncle Drew 2018,18000000,42469946,46527161,4057215,28527161,2018,"['Comedy', 'Sport']",['Charles Stone III']
794,Birdman or (The Unexpected Virtue of Ignorance) 2014,18000000,42340598,103215094,60874496,85215094,2014,"['Comedy', 'Drama']",['Alejandro G. IÃ±Ã¡rritu']
795,Blue Jasmine 2013,18000000,33404871,102912961,69508090,84912961,2013,['Drama'],['Woody Allen']
796,Ricki and the Flash 2015,18000000,26839498,41166033,14326535,23166033,2015,"['Comedy', 'Drama', 'Music']",['Jonathan Demme']
797,Love the Coopers 2015,18000000,26302731,42227490,15924759,24227490,2015,"['Comedy', 'Fantasy', 'Romance']",['Jessie Nelson']
798,127 Hours 2010,18000000,18335230,60217171,41881941,42217171,2010,"['Adventure', 'Biography', 'Drama']",['Danny Boyle']
799,Norm of the North 2016,18000000,17062499,30535660,13473161,12535660,2016,"['Adventure', 'Animation', 'Comedy']",['Trevor Wall']
800,Jobs 2013,18000000,16131410,43402515,27271105,25402515,2013,"['Biography', 'Drama']",['Joshua Michael Stern']
801,And So It Goes 2014,18000000,15160801,17920013,2759212,-79987,2014,"['Comedy', 'Drama', 'Romance']",['Rob Reiner']
802,Getaway 2013,18000000,10501938,11813989,1312051,-6186011,2013,"['Action', 'Crime', 'Thriller']",['Courtney Solomon']
803,Midnight Special 2016,18000000,3712282,7680250,3967968,-10319750,2016,"['Action', 'Drama', 'Mystery']",['Jeff Nichols']
804,Miss Sloane 2016,18000000,3500605,7719630,4219025,-10280370,2016,"['Drama', 'Thriller']",['John Madden']
805,Metallica Through the Never 2013,18000000,3419967,9082906,5662939,-8917094,2013,['Music'],['NimrÃ³d Antal']
806,Phantom 2013,18000000,1034589,1199510,164921,-16800490,2013,"['Drama', 'History', 'Thriller']",['Todd Robinson']
807,I Am Wrath 2016,18000000,0,309608,309608,-17690392,2016,"['Action', 'Crime', 'Drama']",['Chuck Russell']
808,Wolves 2014,18000000,0,94953,94953,-17905047,2014,"['Action', 'Fantasy', 'Horror']",['David Hayter']
809,The Prince 2014,18000000,0,0,0,-18000000,2014,"['Action', 'Thriller']",['Brian A. Miller']
810,Red Lights 2012,17700000,49521,14518884,14469363,-3181116,2012,"['Drama', 'Fantasy', 'Horror']",['Rodrigo CortÃ©s']
811,Black Nativity 2013,17500000,7018188,7285135,266947,-10214865,2013,"['Drama', 'Family', 'Music']",['Kasi Lemmons']
812,The Best Man Holiday 2013,17000000,70525195,72835710,2310515,55835710,2013,"['Comedy', 'Drama']",['Malcolm D. Lee']
813,Pitch Perfect 2012,17000000,65001093,116044347,51043254,99044347,2012,"['Comedy', 'Music', 'Romance']",['Jason Moore']
814,Evil Dead 2013,17000000,54239856,97778356,43538500,80778356,2013,"['Fantasy', 'Horror', 'Thriller']",['Fede Alvarez']
815,"McFarland, USA 2015",17000000,44480275,45707924,1227649,28707924,2015,"['Biography', 'Drama', 'Sport']",['Niki Caro']
816,Almost Christmas 2016,17000000,42065185,42493506,428321,25493506,2016,"['Comedy', 'Drama']",['David E. Talbert']
817,Beastly 2011,17000000,27865571,38028230,10162659,21028230,2011,"['Drama', 'Fantasy', 'Romance']",['Daniel Barnz']
818,Lottery Ticket 2010,17000000,24719879,24719879,0,7719879,2010,['Comedy'],['Erik White']
819,The Apparition 2012,17000000,4936819,10637281,5700462,-6362719,2012,"['Horror', 'Thriller']",['Todd Lincoln']
820,Genius 2016,17000000,1361045,7265283,5904238,-9734717,2016,"['Biography', 'Drama']",['Michael Grandage']
821,The Young Messiah 2016,16800000,6469813,7313697,843884,-9486303,2016,"['Drama', 'Fantasy']",['Cyrus Nowrasteh']
822,Moonrise Kingdom 2012,16000000,45512466,68848446,23335980,52848446,2012,"['Adventure', 'Comedy', 'Drama']",['Wes Anderson']
823,The Artist 2011,16000000,44667095,128256712,83589617,112256712,2011,"['Comedy', 'Drama', 'Romance']",['Michel Hazanavicius']
824,The Roommate 2011,16000000,37300107,52545707,15245600,36545707,2011,"['Drama', 'Thriller']",['Christian E. Christiansen']
825,Remember Me 2010,16000000,19068240,56506120,37437880,40506120,2010,"['Drama', 'Romance']",['Allen Coulter']
826,People Like Us 2012,16000000,12431792,12617472,185680,-3382528,2012,"['Comedy', 'Drama']",['Alex Kurtzman']
827,Bleed for This 2016,16000000,5083906,6603926,1520020,-9396074,2016,"['Biography', 'Drama', 'Sport']",['Ben Younger']
828,The Homesman 2014,16000000,2429989,8217571,5787582,-7782429,2014,"['Drama', 'Western']",['Tommy Lee Jones']
829,Vamps 2012,16000000,3361,94812,91451,-15905188,2012,"['Comedy', 'Horror', 'Romance']",['Amy Heckerling']
830,Zulu 2013,16000000,0,1844228,1844228,-14155772,2013,"['Crime', 'Drama', 'Thriller']",['JÃ©rÃ´me Salle']
831,Second Act 2018,15700000,39282227,63288854,24006627,47588854,2018,"['Comedy', 'Drama', 'Romance']",['Peter Segal']
832,Annabelle: Creation 2017,15000000,102092201,305384865,203292664,290384865,2017,"['Horror', 'Mystery', 'Thriller']",['David F. Sandberg']
833,The Imitation Game 2014,15000000,91125143,227740463,136615320,212740463,2014,"['Biography', 'Drama', 'Thriller']",['Morten Tyldum']
834,Diary of a Wimpy Kid 2010,15000000,64003625,76954311,12950686,61954311,2010,"['Comedy', 'Drama', 'Family']",['Thor Freudenthal']
835,The Woman in Black 2012,15000000,54333290,128955898,74622608,113955898,2012,"['Drama', 'Fantasy', 'Horror']",['James Watkins']
836,BlacKkKlansman 2018,15000000,49275340,93017335,43741995,78017335,2018,"['Biography', 'Crime', 'Drama']",['Spike Lee']
837,Snitch 2013,15000000,42930462,57907734,14977272,42907734,2013,"['Action', 'Drama', 'Thriller']",['Ric Roman Waugh']
838,Krampus 2015,15000000,42725475,61788393,19062918,46788393,2015,"['Comedy', 'Fantasy', 'Horror']",['Michael Dougherty']
839,End of Watch 2012,15000000,41003371,57586606,16583235,42586606,2012,"['Action', 'Crime', 'Drama']",['David Ayer']
840,Wild 2014,15000000,37880356,52460543,14580187,37460543,2014,"['Adventure', 'Biography', 'Drama']",['Jean-Marc VallÃ©e']
841,The Theory of Everything 2014,15000000,35893537,123327692,87434155,108327692,2014,"['Biography', 'Drama', 'Romance']",['James Marsh']
842,Drive 2011,15000000,35060689,81357930,46297241,66357930,2011,"['Crime', 'Drama']",['Nicolas Winding Refn']
843,The Favourite 2018,15000000,34366783,94113929,59747146,79113929,2018,"['Biography', 'Drama', 'History']",['Yorgos Lanthimos']
844,When the Game Stands Tall 2014,15000000,30127963,30138912,10949,15138912,2014,"['Drama', 'Family', 'Sport']",['Thomas Carter']
845,Ramona and Beezus 2010,15000000,26167002,27469621,1302619,12469621,2010,"['Adventure', 'Comedy', 'Family']",['Elizabeth Allen Rosenbaum']
846,The November Man 2014,15000000,25018119,34820335,9802216,19820335,2014,"['Action', 'Crime', 'Thriller']",['Roger Donaldson']
847,Keanu 2016,15000000,20591853,20688141,96288,5688141,2016,"['Action', 'Comedy', 'Crime']",['Peter Atencio']
848,Country Strong 2010,15000000,20218921,20601987,383066,5601987,2010,"['Drama', 'Music']",['Shana Feste']
849,A Most Wanted Man 2014,15000000,17237855,36068890,18831035,21068890,2014,"['Crime', 'Drama', 'Thriller']",['Anton Corbijn']
850,The Man with the Iron Fists 2012,15000000,15634090,22018988,6384898,7018988,2012,['Action'],['RZA']
851,Killing Them Softly 2012,15000000,14945541,39238443,24292902,24238443,2012,"['Crime', 'Thriller']",['Andrew Dominik']
852,One Day 2011,15000000,13843771,59168692,45324921,44168692,2011,"['Drama', 'Romance']",['Lone Scherfig']
853,Queen of Katwe 2016,15000000,8874389,10055481,1181092,-4944519,2016,"['Biography', 'Drama', 'Sport']",['Mira Nair']
854,Hotel Artemis 2018,15000000,6708137,12758799,6050662,-2241201,2018,"['Action', 'Drama', 'Sci-Fi']",['Drew Pearce']
855,Scouts Guide to the Zombie Apocalypse 2015,15000000,3703046,15554855,11851809,554855,2015,"['Action', 'Comedy', 'Horror']",['Christopher Landon']
856,You Will Meet a Tall Dark Stranger 2010,15000000,3247816,34247816,31000000,19247816,2010,"['Comedy', 'Drama', 'Romance']",['Woody Allen']
857,Rock the Kasbah 2015,15000000,3020665,3386153,365488,-11613847,2015,"['Comedy', 'Music', 'War']",['Barry Levinson']
858,Never Let Me Go 2010,15000000,2434652,11173718,8739066,-3826282,2010,"['Drama', 'Romance', 'Sci-Fi']",['Mark Romanek']
859,The Disappointments Room 2016,15000000,2423467,3503761,1080294,-11496239,2016,"['Drama', 'Horror', 'Thriller']",['D.J. Caruso']
860,Centurion 2010,15000000,123570,7885048,7761478,-7114952,2010,"['Action', 'Adventure', 'Drama']",['Neil Marshall']
861,The Son of No One 2011,15000000,30680,1148578,1117898,-13851422,2011,"['Action', 'Crime', 'Drama']",['Dito Montiel']
862,Khumba 2013,15000000,0,20898221,20898221,5898221,2013,"['Adventure', 'Animation', 'Family']",['Anthony Silverston']
863,Broken Horses 2015,15000000,0,3471,3471,-14996529,2015,"['Action', 'Crime', 'Drama']",['Vidhu Vinod Chopra']
864,Blinded by the Light 2019,15000000,0,0,0,-15000000,2019,"['Biography', 'Comedy', 'Drama']",['Gurinder Chadha']
865,Magic Mike XXL 2015,14500000,66013057,123660597,57647540,109160597,2015,"['Comedy', 'Drama', 'Music']",['Gregory Jacobs']
866,The Possession 2012,14000000,49130588,82925064,33794476,68925064,2012,"['Horror', 'Mystery', 'Thriller']",['Ole Bornedal']
867,Our Family Wedding 2010,14000000,20255281,21410546,1155265,7410546,2010,"['Comedy', 'Romance']",['Rick Famuyiwa']
868,Hot Tub Time Machine 2 2015,14000000,12314651,12826644,511993,-1173356,2015,"['Comedy', 'Mystery', 'Sci-Fi']",['Steve Pink']
869,Fun Size 2012,14000000,9409538,11166615,1757077,-2833385,2012,"['Adventure', 'Comedy']",['Josh Schwartz']
870,Suffragette 2015,14000000,4702420,34044909,29342489,20044909,2015,"['Biography', 'Drama', 'History']",['Sarah Gavron']
871,Mr. Turner 2014,14000000,3958546,25187026,21228480,11187026,2014,"['Biography', 'Drama', 'History']",['Mike Leigh']
872,Flipped 2010,14000000,1755212,4289993,2534781,-9710007,2010,"['Comedy', 'Drama', 'Romance']",['Rob Reiner']
873,Margaret 2011,14000000,47185,623292,576107,-13376708,2011,['Drama'],['Kenneth Lonergan']
874,Seven Psychopaths 2012,13500000,15024049,33035736,18011687,19535736,2012,"['Comedy', 'Crime']",['Martin McDonagh']
875,No Good Deed 2014,13200000,52543632,54323210,1779578,41123210,2014,"['Action', 'Crime', 'Drama']",['Sam Miller']
876,Black Swan 2010,13000000,106954678,331266710,224312032,318266710,2010,"['Drama', 'Thriller']",['Darren Aronofsky']
877,Justin Bieber: Never Say Never 2011,13000000,73013910,99034125,26020215,86034125,2011,"['Documentary', 'Music']",['Jon M. Chu']
878,The First Purge 2018,13000000,69488745,136617305,67128560,123617305,2018,"['Action', 'Horror', 'Sci-Fi']",['Gerard McMurray']
879,Miracles from Heaven 2016,13000000,61705123,73798736,12093613,60798736,2016,"['Biography', 'Drama', 'Family']",['Patricia Riggen']
880,The Shallows 2016,13000000,55121623,118763442,63641819,105763442,2016,"['Drama', 'Horror', 'Thriller']",['Jaume Collet-Serra']
881,About Last Night 2014,13000000,48637684,50445860,1808176,37445860,2014,"['Comedy', 'Romance']",['Steve Pink']
882,St. Vincent 2014,13000000,44137712,54837234,10699522,41837234,2014,"['Comedy', 'Drama']",['Theodore Melfi']
883,Earth to Echo 2014,13000000,38934842,42174545,3239703,29174545,2014,"['Adventure', 'Family', 'Sci-Fi']",['Dave Green']
884,Admission 2013,13000000,18007317,18733666,726349,5733666,2013,"['Comedy', 'Drama', 'Romance']",['Paul Weitz']
885,The Perks of Being a Wallflower 2012,13000000,17742948,33069303,15326355,20069303,2012,['Drama'],['Stephen Chbosky']
886,Room 2015,13000000,14677674,36262783,21585109,23262783,2015,"['Drama', 'Thriller']",['Lenny Abrahamson']
887,Woodlawn 2015,13000000,14394097,14403703,9606,1403703,2015,"['Drama', 'Sport']","['Andrew Erwin', ' Jon Erwin']"
888,Bajrangi Bhaijaan 2015,13000000,8178001,121778347,113600346,108778347,2015,"['Action', 'Comedy', 'Drama']",['Kabir Khan']
889,The Vatican Tapes 2015,13000000,1784763,14929184,13144421,1929184,2015,"['Horror', 'Thriller']",['Mark Neveldine']
890,Attack the Block 2011,13000000,1024175,6459183,5435008,-6540817,2011,"['Action', 'Comedy', 'Sci-Fi']",['Joe Cornish']
891,The Killer Inside Me 2010,13000000,217277,3617277,3400000,-9382723,2010,"['Crime', 'Drama', 'Horror']",['Michael Winterbottom']
892,The Call 2013,12800000,51872378,69821476,17949098,57021476,2013,"['Crime', 'Drama', 'Horror']",['Brad Anderson']
893,The Drop 2014,12600000,10724389,19054534,8330145,6454534,2014,"['Crime', 'Drama']",['MichaÃ«l R. Roskam']
894,Machete 2010,12500000,26593646,46370970,19777324,33870970,2010,"['Action', 'Crime', 'Thriller']","['Robert Rodriguez', ' Ethan Maniquis']"
895,Conviction 2010,12500000,6797696,11826980,5029284,-673020,2010,"['Biography', 'Crime', 'Drama']",['Tony Goldwyn']
896,Casino Jack 2010,12500000,2039869,2272186,232317,-10227814,2010,"['Biography', 'Comedy', 'Crime']",['George Hickenlooper']
897,The Paperboy 2012,12500000,677200,4027663,3350463,-8472337,2012,"['Crime', 'Drama', 'Mystery']",['Lee Daniels']
898,The Fault in Our Stars 2014,12000000,124872350,307166834,182294484,295166834,2014,"['Drama', 'Romance']",['Josh Boone']
899,Think Like a Man 2012,12000000,91547205,113373764,21826559,101373764,2012,"['Comedy', 'Romance']",['Tim Story']
900,Act of Valor 2012,12000000,70012847,82497035,12484188,70497035,2012,"['Action', 'Adventure', 'Drama']","['Scott Waugh', ' Mike McCoy']"
901,Chronicle 2012,12000000,64575175,123681790,59106615,111681790,2012,"['Drama', 'Sci-Fi', 'Thriller']",['Josh Trank']
902,Project X 2012,12000000,54731865,103028188,48296323,91028188,2012,['Comedy'],['Nima Nourizadeh']
903,"Three Billboards Outside Ebbing, Missouri 2017",12000000,54513740,160191915,105678175,148191915,2017,"['Crime', 'Drama']",['Martin McDonagh']
904,Overboard 2018,12000000,50316123,85369830,35053707,73369830,2018,"['Comedy', 'Romance']",['Rob Greenberg']
905,Philomena 2013,12000000,37709979,98963392,61253413,86963392,2013,"['Biography', 'Comedy', 'Drama']",['Stephen Frears']
906,Paper Towns 2015,12000000,32000304,85450484,53450180,73450484,2015,"['Comedy', 'Drama', 'Mystery']",['Jake Schreier']
907,Hell or High Water 2016,12000000,27007844,37584304,10576460,25584304,2016,"['Action', 'Crime', 'Drama']",['David Mackenzie']
908,Katy Perry: Part of Me 2012,12000000,25326071,32700439,7374368,20700439,2012,"['Documentary', 'Music']","['Jane Lipsitz', ' Dan Cutforth']"
909,Top Five 2014,12000000,25317379,26001741,684362,14001741,2014,"['Comedy', 'Romance']",['Chris Rock']
910,Project Almanac 2015,12000000,22348241,32909437,10561196,20909437,2015,"['Drama', 'Mystery', 'Sci-Fi']",['Dean Israelite']
911,Just Wright 2010,12000000,21540363,21867665,327302,9867665,2010,"['Comedy', 'Romance', 'Sport']",['Sanaa Hamri']
912,Nebraska 2013,12000000,17654912,24761360,7106448,12761360,2013,"['Adventure', 'Comedy', 'Drama']",['Alexander Payne']
913,Young Adult 2011,12000000,16311571,22750356,6438785,10750356,2011,"['Comedy', 'Drama']",['Jason Reitman']
914,About Time 2013,12000000,15323921,89309178,73985257,77309178,2013,"['Comedy', 'Drama', 'Fantasy']",['Richard Curtis']
915,If Beale Street Could Talk 2018,12000000,14915773,19859167,4943394,7859167,2018,"['Drama', 'Romance']",['Barry Jenkins']
916,Wish Upon 2017,12000000,14301505,23477345,9175840,11477345,2017,"['Drama', 'Fantasy', 'Horror']",['John R. Leonetti']
917,Marshall 2017,12000000,10051659,10116816,65157,-1883184,2017,"['Biography', 'Crime', 'Drama']",['Reginald Hudlin']
918,Arbitrage 2012,12000000,7919574,35830713,27911139,23830713,2012,"['Drama', 'Thriller']",['Nicholas Jarecki']
919,For Greater Glory: The True Story of Cristiada 2012,12000000,5669081,10026255,4357174,-1973745,2012,"['Drama', 'History', 'War']",['Dean Wright']
920,Stoker 2013,12000000,1703125,12034913,10331788,34913,2013,"['Drama', 'Thriller']",['Chan-wook Park']
921,Kill the Irishman 2011,12000000,1188194,1188194,0,-10811806,2011,"['Biography', 'Crime', 'Drama']",['Jonathan Hensleigh']
922,Darling Companion 2012,12000000,793352,1200346,406994,-10799654,2012,"['Comedy', 'Drama', 'Romance']",['Lawrence Kasdan']
923,5 Days of War 2011,12000000,17479,87793,70314,-11912207,2011,"['Action', 'Drama', 'War']",['Renny Harlin']
924,10 Days in a Madhouse 2015,12000000,14616,14616,0,-11985384,2015,['Drama'],['Timothy Hines']
925,Drive Hard 2014,12000000,0,0,0,-12000000,2014,"['Action', 'Comedy', 'Crime']",['Brian Trenchard-Smith']
926,Carol 2015,11800000,12711491,42843521,30132030,31043521,2015,"['Drama', 'Romance']",['Todd Haynes']
927,Dirty Grandpa 2016,11500000,35593113,105078449,69485336,93578449,2016,['Comedy'],['Dan Mazer']
928,The Fighter 2010,11000000,93617009,129262388,35645379,118262388,2010,"['Biography', 'Drama', 'Sport']",['David O. Russell']
929,If I Stay 2014,11000000,50474843,78356170,27881327,67356170,2014,"['Drama', 'Fantasy', 'Music']",['R.J. Cutler']
930,Brooklyn 2015,11000000,38322743,62076141,23753398,51076141,2015,"['Drama', 'Romance']",['John Crowley']
931,Woman in Gold 2015,11000000,33307793,58586407,25278614,47586407,2015,"['Biography', 'Drama', 'History']",['Simon Curtis']
932,"I, Tonya 2017",11000000,30014534,53797409,23782875,42797409,2017,"['Biography', 'Comedy', 'Drama']",['Craig Gillespie']
933,Inside Llewyn Davis 2013,11000000,13248209,32943247,19695038,21943247,2013,"['Drama', 'Music']","['Ethan Coen', ' Joel Coen']"
934,Peeples 2013,11000000,9177065,9307166,130101,-1692834,2013,"['Comedy', 'Romance']",['Tina Gordon']
935,LOL 2012,11000000,0,10431506,10431506,-568494,2012,"['Comedy', 'Drama', 'Romance']",['Lisa Azuelos']
936,Misconduct 2016,11000000,0,2352511,2352511,-8647489,2016,"['Crime', 'Drama', 'Mystery']",['Shintaro Shimosawa']
937,The Last Days on Mars 2013,10600000,24084,261364,237280,-10338636,2013,"['Adventure', 'Horror', 'Sci-Fi']",['Ruairi Robinson']
938,Housefull 2010,10100000,1183658,18726300,17542642,8626300,2010,['Comedy'],['Sajid Khan']
939,The Purge: Election Year 2016,10000000,79042440,118514727,39472287,108514727,2016,"['Action', 'Horror', 'Sci-Fi']",['James DeMonaco']
940,Insidious: The Last Key 2018,10000000,67745330,167885588,100140258,157885588,2018,"['Horror', 'Mystery', 'Thriller']",['Adam Robitel']
941,Lady Bird 2017,10000000,48958273,78610769,29652496,68610769,2017,"['Comedy', 'Drama']",['Greta Gerwig']
942,Hereditary 2018,10000000,44069456,70133905,26064449,60133905,2018,"['Drama', 'Horror', 'Mystery']",['Ari Aster']
943,"Love, Simon 2018",10000000,40826341,65520633,24694292,55520633,2018,"['Comedy', 'Drama', 'Romance']",['Greg Berlanti']
944,Jigsaw 2017,10000000,38052832,102445196,64392364,92445196,2017,"['Crime', 'Horror', 'Mystery']","['Peter Spierig', ' Michael Spierig']"
945,"Everything, Everything 2017",10000000,34121140,61603136,27481996,51603136,2017,"['Drama', 'Romance']",['Stella Meghie']
946,Devil 2010,10000000,33679655,63354114,29674459,53354114,2010,"['Horror', 'Mystery', 'Thriller']",['John Erick Dowdle']
947,The Second Best Exotic Marigold Hotel 2015,10000000,33078266,90384306,57306040,80384306,2015,"['Comedy', 'Drama']",['John Madden']
948,How to Be a Latin Lover 2017,10000000,32149404,62556228,30406824,52556228,2017,"['Comedy', 'Drama']",['Ken Marino']
949,Slender Man 2018,10000000,30564825,51723644,21158819,41723644,2018,"['Horror', 'Mystery', 'Thriller']",['Sylvain White']
950,When the Bough Breaks 2016,10000000,29747603,30768449,1020846,20768449,2016,"['Crime', 'Drama', 'Horror']",['Jon Cassar']
951,Sinister 2 2015,10000000,27740955,54104225,26363270,44104225,2015,"['Horror', 'Mystery', 'Thriller']",['CiarÃ¡n Foy']
952,Sparkle 2012,10000000,24397469,24660323,262854,14660323,2012,"['Drama', 'Music']",['Salim Akil']
953,Kevin Hart: What Now? 2016,10000000,23591043,23591043,0,13591043,2016,"['Comedy', 'Documentary']","['Tim Story', ' Leslie Small']"
954,Skyline 2010,10000000,21416355,68264973,46848618,58264973,2010,"['Action', 'Sci-Fi', 'Thriller']","['Greg Strause', ' Colin Strause']"
955,The Disaster Artist 2017,10000000,21120616,28717667,7597051,18717667,2017,"['Biography', 'Comedy', 'Drama']",['James Franco']
956,Blair Witch 2016,10000000,20777061,38985577,18208516,28985577,2016,"['Horror', 'Mystery', 'Thriller']",['Adam Wingard']
957,Paranormal Activity: The Ghost Dimension 2015,10000000,18297124,77959374,59662250,67959374,2015,"['Horror', 'Mystery', 'Thriller']",['Gregory Plotkin']
958,The Birth of a Nation 2016,10000000,15861566,16891011,1029445,6891011,2016,"['Biography', 'Drama', 'History']",['Nate Parker']
959,My Week with Marilyn 2011,10000000,14597405,34240572,19643167,24240572,2011,"['Biography', 'Drama']",['Simon Curtis']
960,Big Eyes 2014,10000000,14482031,27317872,12835841,17317872,2014,"['Biography', 'Crime', 'Drama']",['Tim Burton']
961,The Best of Enemies 2019,10000000,10205616,10205616,0,205616,2019,"['Biography', 'Drama', 'History']",['Robin Bissell']
962,Movie 43 2013,10000000,8840453,31164747,22324294,21164747,2013,['Comedy'],"['James Gunn', ' Brett Ratner', ' Peter Farrelly', ' Elizabeth Banks', ' James Duffy', ' Patrik Forsberg', ' Will Graham', ' Steven Brill', ' Steve Carr', ' Rusty Cundieff', ' Griffin Dunne', ' Jonathan van Tulleken', ' Bob Odenkirk']"
963,Can You Ever Forgive Me? 2018,10000000,8803865,11752387,2948522,1752387,2018,"['Biography', 'Comedy', 'Crime']",['Marielle Heller']
964,MacGruber 2010,10000000,8525600,8629895,104295,-1370105,2010,"['Action', 'Comedy', 'Romance']",['Jorma Taccone']
965,Seeking a Friend for the End of the World 2012,10000000,7078738,11766959,4688221,1766959,2012,"['Adventure', 'Comedy', 'Drama']",['Lorene Scafaria']
966,Shut In 2016,10000000,6900335,11360665,4460330,1360665,2016,"['Drama', 'Mystery', 'Thriller']",['Farren Blackburn']
967,Cedar Rapids 2011,10000000,6861102,7862131,1001029,-2137869,2011,['Comedy'],['Miguel Arteta']
968,The Collection 2012,10000000,6810754,8890094,2079340,-1109906,2012,"['Action', 'Horror', 'Thriller']",['Marcus Dunstan']
969,Danny Collins 2015,10000000,5637066,8465845,2828779,-1534155,2015,"['Biography', 'Comedy', 'Drama']",['Dan Fogelman']
970,Gotti 2018,10000000,4286367,6089100,1802733,-3910900,2018,"['Biography', 'Crime', 'Drama']",['Kevin Connolly']
971,Denial 2016,10000000,4073448,9263940,5190492,-736060,2016,"['Biography', 'Drama']",['Mick Jackson']
972,Max Steel 2016,10000000,3818664,4563080,744416,-5436920,2016,"['Action', 'Adventure', 'Family']",['Stewart Hendler']
973,Rosewater 2014,10000000,3128941,3185717,56776,-6814283,2014,"['Biography', 'Drama']",['Jon Stewart']
974,Bucky Larson: Born to Be a Star 2011,10000000,2529395,2529395,0,-7470605,2011,['Comedy'],['Tom Brady']
975,A Better Life 2011,10000000,1759252,1884251,124999,-8115749,2011,"['Drama', 'Romance']",['Chris Weitz']
976,Churchill 2017,10000000,1279681,7582196,6302515,-2417804,2017,"['Biography', 'Drama', 'History']",['Jonathan Teplitzky']
977,50 to 1 2014,10000000,1069454,1069454,0,-8930546,2014,['Drama'],['Jim Wilson']
978,Parkland 2013,10000000,641439,1616353,974914,-8383647,2013,"['Drama', 'History', 'Mystery']",['Peter Landesman']
979,"Cinco de Mayo, La Batalla 2013",10000000,173472,173472,0,-9826528,2013,"['Drama', 'History', 'War']",['Rafa Lara']
980,Welcome to the Rileys 2010,10000000,152857,355919,203062,-9644081,2010,['Drama'],['Jake Scott']
981,Kicks 2016,10000000,150191,150191,0,-9849809,2016,"['Adventure', 'Drama']",['Justin Tipping']
982,Blood Done Sign My Name 2010,10000000,109383,109383,0,-9890617,2010,['Drama'],['Jeb Stuart']
983,Elsa & Fred 2014,10000000,67657,197901,130244,-9802099,2014,"['Comedy', 'Drama', 'Romance']",['Michael Radford']
984,Strangerland 2015,10000000,17472,161097,143625,-9838903,2015,"['Drama', 'Mystery', 'Thriller']",['Kim Farrant']
985,Barbecue 2014,10000000,388,247565,247177,-9752435,2014,['Comedy'],['Eric Lavaine']
986,The Reef 2010,10000000,0,15037867,15037867,5037867,2010,"['Adventure', 'Drama', 'Horror']",['Andrew Traucki']
987,It's a Wonderful Afterlife 2010,10000000,0,1642939,1642939,-8357061,2010,"['Comedy', 'Drama', 'Fantasy']",['Gurinder Chadha']
988,Into the Grizzly Maze 2015,10000000,0,0,0,-10000000,2015,"['Action', 'Adventure', 'Drama']",['David Hackl']
989,Gunless 2010,9900000,458054,458054,0,-9441946,2010,"['Action', 'Comedy', 'Drama']",['William Phillips']
990,Amour 2012,9700000,6738954,36787044,30048090,27087044,2012,"['Drama', 'Romance']",['Michael Haneke']
991,Dangal 2016,9500000,12391761,294654618,282262857,285154618,2016,"['Action', 'Biography', 'Drama']",['Nitesh Tiwari']
992,The Runaways 2010,9500000,3573673,5278632,1704959,-4221368,2010,"['Biography', 'Drama', 'Music']",['Floria Sigismondi']
993,Melancholia 2011,9400000,3030848,21817298,18786450,12417298,2011,"['Drama', 'Sci-Fi']",['Lars von Trier']
994,Jab Tak Hai Jaan 2012,9200000,3047539,5806666,2759127,-3393334,2012,"['Drama', 'Romance']",['Yash Chopra']
995,Kites 2010,9200000,1685269,17155193,15469924,7955193,2010,"['Action', 'Drama', 'Romance']","['Anurag Basu', ' Sunil Subramani']"
996,Red Dog 2011,9100000,0,20927794,20927794,11827794,2011,"['Biography', 'Comedy', 'Drama']",['Kriv Stenders']
997,The Purge: Anarchy 2014,9000000,71562550,111534881,39972331,102534881,2014,"['Action', 'Horror', 'Sci-Fi']",['James DeMonaco']
998,Ouija: Origin of Evil 2016,9000000,35144505,81831866,46687361,72831866,2016,"['Drama', 'Horror', 'Mystery']",['Mike Flanagan']
999,Happy Death Day 2U 2019,9000000,28051045,64179495,36128450,55179495,2019,"['Drama', 'Horror', 'Mystery']",['Christopher Landon']
1000,The Edge of Seventeen 2016,9000000,14431633,19096003,4664370,10096003,2016,"['Comedy', 'Drama']",['Kelly Fremon Craig']
1001,Jackie 2016,9000000,13960394,36588512,22628118,27588512,2016,"['Biography', 'Drama', 'History']",['Pablo LarraÃ­n']
1002,Glee: The 3D Concert Movie 2011,9000000,11862398,17462398,5600000,8462398,2011,"['Documentary', 'Music']","['Jennifer Arnold', ' Kevin Tancharoen']"
1003,Greater 2016,9000000,2000093,2000093,0,-6999907,2016,"['Biography', 'Family', 'Sport']",['David L. Hunt']
1004,Destroyer 2018,9000000,1533324,3681096,2147772,-5318904,2018,"['Action', 'Crime', 'Drama']",['Karyn Kusama']
1005,Manchester by the Sea 2016,8500000,47695371,77733867,30038496,69233867,2016,['Drama'],['Kenneth Lonergan']
1006,Nightcrawler 2014,8500000,32381218,50334418,17953200,41834418,2014,"['Crime', 'Drama', 'Thriller']",['Dan Gilroy']
1007,Baggage Claim 2013,8500000,21569509,22885836,1316327,14385836,2013,['Comedy'],['David E. Talbert']
1008,Middle School: The Worst Years of My Life 2016,8500000,20007149,23311293,3304144,14811293,2016,"['Comedy', 'Family']",['Steve Carr']
1009,The Rover 2014,8500000,1109199,3180252,2071053,-5319748,2014,"['Action', 'Crime', 'Drama']",['David MichÃ´d']
1010,Posledniy bogatyr 2017,8500000,0,30700192,30700192,22200192,2017,"['Action', 'Adventure', 'Comedy']",['Dmitriy Dyachenko']
1011,Yeh Jawaani Hai Deewani 2013,8300000,3827466,50827466,47000000,42527466,2013,"['Comedy', 'Drama', 'Musical']",['Ayan Mukherjee']
1012,Easy A 2010,8000000,58401464,76200721,17799257,68200721,2010,"['Comedy', 'Drama', 'Romance']",['Will Gluck']
1013,50/50 2011,8000000,35016118,41334735,6318617,33334735,2011,"['Comedy', 'Drama', 'Romance']",['Jonathan Levine']
1014,A Walk in the Woods 2015,8000000,29499394,37119358,7619964,29119358,2015,"['Adventure', 'Biography', 'Comedy']",['Ken Kwapis']
1015,That Awkward Moment 2014,8000000,26068955,53068955,27000000,45068955,2014,"['Comedy', 'Romance']",['Tom Gormican']
1016,Enough Said 2013,8000000,17550872,25621449,8070577,17621449,2013,"['Comedy', 'Drama', 'Romance']",['Nicole Holofcener']
1017,Prom 2011,8000000,10130219,10763183,632964,2763183,2011,"['Comedy', 'Drama', 'Family']",['Joe Nussbaum']
1018,Me and Earl and the Dying Girl 2015,8000000,6758416,9266180,2507764,1266180,2015,"['Comedy', 'Drama', 'Romance']",['Alfonso Gomez-Rejon']
1019,It's Kind of a Funny Story 2010,8000000,6363628,6632950,269322,-1367050,2010,"['Comedy', 'Drama', 'Romance']","['Ryan Fleck', ' Anna Boden']"
1020,Anomalisa 2015,8000000,3759286,5706168,1946882,-2293832,2015,"['Animation', 'Comedy', 'Drama']","['Duke Johnson', ' Charlie Kaufman']"
1021,Another Year 2010,8000000,3205706,20005613,16799907,12005613,2010,"['Comedy', 'Drama']",['Mike Leigh']
1022,Made in Dagenham 2010,8000000,1095369,15644196,14548827,7644196,2010,"['Biography', 'Comedy', 'Drama']",['Nigel Cole']
1023,London Fields 2018,8000000,252676,433732,181056,-7566268,2018,"['Crime', 'Mystery', 'Thriller']",['Mathew Cullen']
1024,Restless 2011,8000000,163753,2772511,2608758,-5227489,2011,"['Drama', 'Romance']",['Gus Van Sant']
1025,Wild Target 2010,8000000,109338,5314194,5204856,-2685806,2010,"['Action', 'Comedy', 'Crime']",['Jonathan Lynn']
1026,A Street Cat Named Bob 2016,8000000,82703,17382693,17299990,9382693,2016,"['Biography', 'Comedy', 'Drama']",['Roger Spottiswoode']
1027,Swelter 2014,8000000,0,44197,44197,-7955803,2014,"['Action', 'Crime', 'Drama']",['Keith Parmer']
1028,Code of Honor 2016,8000000,0,0,0,-8000000,2016,"['Action', 'Crime', 'Thriller']",['Michael Winnick']
1029,Albert Nobbs 2011,7500000,3014696,8539003,5524307,1039003,2011,"['Drama', 'Romance']",['Rodrigo GarcÃ­a']
1030,The Neon Demon 2016,7500000,1333124,3559803,2226679,-3940197,2016,"['Horror', 'Thriller']",['Nicolas Winding Refn']
1031,The Bye Bye Man 2017,7400000,22395806,31187727,8791921,23787727,2017,"['Drama', 'Fantasy', 'Horror']",['Stacy Title']
1032,Magic Mike 2012,7000000,113721571,170549753,56828182,163549753,2012,"['Comedy', 'Drama']",['Steven Soderbergh']
1033,I Can Only Imagine 2018,7000000,83482352,85604221,2121869,78604221,2018,"['Biography', 'Drama', 'Family']","['Andrew Erwin', ' Jon Erwin']"
1034,Five Feet Apart 2019,7000000,45729221,80504421,34775200,73504421,2019,"['Drama', 'Romance']",['Justin Baldoni']
1035,Jumping the Broom 2011,7000000,37295394,38158601,863207,31158601,2011,"['Comedy', 'Drama']",['Salim Akil']
1036,Dope 2015,7000000,17506470,18190831,684361,11190831,2015,"['Comedy', 'Crime', 'Drama']",['Rick Famuyiwa']
1037,Devil's Due 2014,7000000,15821461,36146087,20324626,29146087,2014,"['Horror', 'Mystery', 'Thriller']","['Matt Bettinelli-Olpin', ' Tyler Gillett']"
1038,Beyond the Lights 2014,7000000,14618727,14618727,0,7618727,2014,"['Drama', 'Music', 'Romance']",['Gina Prince-Bythewood']
1039,Cyrus 2010,7000000,7468936,10062896,2593960,3062896,2010,"['Crime', 'Horror', 'Mystery']",['Mark Vadik']
1040,Somewhere 2010,7000000,1785645,17023121,15237476,10023121,2010,"['Comedy', 'Drama']",['Sofia Coppola']
1041,The Christmas Candle 2013,7000000,1632000,1933829,301829,-5066171,2013,"['Drama', 'Family']",['John Stephenson']
1042,Freeheld 2015,7000000,546201,1732228,1186027,-5267772,2015,"['Biography', 'Drama', 'Romance']",['Peter Sollett']
1043,The Extra Man 2010,7000000,453377,492108,38731,-6507892,2010,['Comedy'],"['Shari Springer Berman', ' Robert Pulcini']"
1044,Criminal Activities 2015,7000000,0,386744,386744,-6613256,2015,"['Crime', 'Drama', 'Thriller']",['Jackie Earle Haley']
1045,House at the End of the Street 2012,6900000,31611916,44103982,12492066,37203982,2012,"['Drama', 'Horror', 'Thriller']",['Mark Tonderai']
1046,Incendies 2010,6800000,6857096,16038343,9181247,9238343,2010,"['Drama', 'Mystery', 'War']",['Denis Villeneuve']
1047,Annabelle 2014,6500000,84273813,256862920,172589107,250362920,2014,"['Horror', 'Mystery', 'Thriller']",['John R. Leonetti']
1048,Same Kind of Different as Me 2017,6500000,6423605,6423605,0,-76395,2017,"['Biography', 'Drama']",['Michael Carney']
1049,Shame 2011,6500000,4002293,20412841,16410548,13912841,2011,['Drama'],['Steve McQueen']
1050,The East 2013,6500000,2274649,3027956,753307,-3472044,2013,"['Adventure', 'Drama', 'Thriller']",['Zal Batmanglij']
1051,Breaking In 2018,6000000,46840590,51411620,4571030,45411620,2018,"['Action', 'Crime', 'Drama']",['James McTeigue']
1052,Unplanned 2019,6000000,18107621,18107621,0,12107621,2019,"['Biography', 'Drama']","['Chuck Konzelman', ' Cary Solomon']"
1053,The Prodigy 2019,6000000,14856291,19789712,4933421,13789712,2019,"['Horror', 'Thriller']",['Nicholas McCarthy']
1054,The Possession of Hannah Grace 2018,6000000,14836174,42785387,27949213,36785387,2018,"['Horror', 'Mystery', 'Thriller']",['Diederik Van Rooijen']
1055,The Words 2012,6000000,11494838,16369708,4874870,10369708,2012,"['Drama', 'Mystery', 'Romance']","['Brian Klugman', ' Lee Sternthal']"
1056,Casa de mi Padre 2012,6000000,5909483,8446952,2537469,2446952,2012,"['Comedy', 'Western']",['Matt Piedmont']
1057,The Guard 2011,6000000,5359774,21197454,15837680,15197454,2011,"['Comedy', 'Crime', 'Thriller']",['John Michael McDonagh']
1058,Wish I Was Here 2014,6000000,3591299,6591365,3000066,591365,2014,"['Comedy', 'Drama']",['Zach Braff']
1059,Veronica Mars 2014,6000000,3322127,3485383,163256,-2514617,2014,"['Crime', 'Drama', 'Mystery']",['Rob Thomas']
1060,Snow Flower and the Secret Fan 2011,6000000,1348205,11348205,10000000,5348205,2011,"['Drama', 'History']",['Wayne Wang']
1061,Deadfall 2012,6000000,66351,1673635,1607284,-4326365,2012,"['Crime', 'Drama', 'Thriller']",['Stefan Ruzowitzky']
1062,The Hit List 2011,6000000,0,0,0,-6000000,2011,"['Action', 'Thriller']",['William Kaufman']
1063,Trade of Innocents 2012,5800000,15091,15091,0,-5784909,2012,"['Drama', 'Thriller']",['Christopher M. Bessette']
1064,Standing Ovation 2010,5600000,531806,531806,0,-5068194,2010,['Musical'],['Stewart Raffill']
1065,Khiladi 786 2012,5600000,385422,14683763,14298341,9083763,2012,"['Action', 'Comedy']",['Ashish R. Mohan']
1066,Don Jon 2013,5500000,24477704,41268579,16790875,35768579,2013,"['Comedy', 'Drama', 'Romance']",['Joseph Gordon-Levitt']
1067,Hell Fest 2018,5500000,11107431,18119231,7011800,12619231,2018,['Horror'],['Gregory Plotkin']
1068,Le Havre 2011,5500000,611709,13480196,12868487,7980196,2011,"['Comedy', 'Drama']",['Aki KaurismÃ¤ki']
1069,Salvation Boulevard 2011,5500000,28468,28468,0,-5471532,2011,"['Action', 'Comedy', 'Drama']",['George Ratliff']
1070,Dum Maaro Dum 2011,5200000,564489,11633427,11068938,6433427,2011,"['Action', 'Crime', 'Drama']",['Rohan Sippy']
1071,Get Out 2017,5000000,176040665,255367951,79327286,250367951,2017,"['Horror', 'Mystery', 'Thriller']",['Jordan Peele']
1072,Paranormal Activity 3 2011,5000000,104028807,207039844,103011037,202039844,2011,"['Horror', 'Mystery', 'Thriller']","['Ariel Schulman', ' Henry Joost']"
1073,10 Cloverfield Lane 2016,5000000,72082999,108286422,36203423,103286422,2016,"['Drama', 'Horror', 'Mystery']",['Dan Trachtenberg']
1074,Happy Death Day 2017,5000000,55683845,125010260,69326415,120010260,2017,"['Horror', 'Mystery', 'Thriller']",['Christopher Landon']
1075,Paranormal Activity 4 2012,5000000,53900335,142817992,88917657,137817992,2012,"['Horror', 'Mystery', 'Thriller']","['Ariel Schulman', ' Henry Joost']"
1076,Ouija 2014,5000000,50856010,103300632,52444622,98300632,2014,"['Horror', 'Mystery', 'Thriller']",['Stiles White']
1077,The Big Sick 2017,5000000,42872467,53972860,11100393,48972860,2017,"['Comedy', 'Drama', 'Romance']",['Michael Showalter']
1078,Paranormal Activity: The Marked Ones 2014,5000000,32462372,90904854,58442482,85904854,2014,"['Horror', 'Mystery', 'Thriller']",['Christopher Landon']
1079,Dallas Buyers Club 2013,5000000,27298285,60611845,33313560,55611845,2013,"['Biography', 'Drama']",['Jean-Marc VallÃ©e']
1080,No Escape 2015,5000000,27288872,42844516,15555644,37844516,2015,"['Action', 'Thriller']",['John Erick Dowdle']
1081,The Lazarus Effect 2015,5000000,25801570,38359310,12557740,33359310,2015,"['Horror', 'Mystery', 'Sci-Fi']",['David Gelb']
1082,Our Idiot Brother 2011,5000000,24814830,25861249,1046419,20861249,2011,"['Comedy', 'Drama']",['Jesse Peretz']
1083,The Strangers: Prey at Night 2018,5000000,24431472,29960051,5528579,24960051,2018,['Horror'],['Johannes Roberts']
1084,The Way Way Back 2013,5000000,21502690,26853810,5351120,21853810,2013,"['Comedy', 'Drama']","['Nat Faxon', ' Jim Rash']"
1085,Apollo 18 2011,5000000,17686929,26517819,8830890,21517819,2011,"['Horror', 'Mystery', 'Sci-Fi']",['Gonzalo LÃ³pez-Gallego']
1086,"Paul, Apostle of Christ 2018",5000000,17547999,25529498,7981499,20529498,2018,"['Adventure', 'Biography', 'Drama']",['Andrew Hyatt']
1087,Addicted 2014,5000000,17390770,17499242,108472,12499242,2014,"['Drama', 'Thriller']",['Bille Woodruff']
1088,It Comes at Night 2017,5000000,13985117,19720203,5735086,14720203,2017,"['Horror', 'Mystery']",['Trey Edward Shults']
1089,Before I Fall 2017,5000000,12241072,18945682,6704610,13945682,2017,"['Drama', 'Fantasy', 'Mystery']",['Ry Russo-Young']
1090,Fifty Shades of Black 2016,5000000,11686940,22113075,10426135,17113075,2016,['Comedy'],['Michael Tiddes']
1091,Fahrenheit 11/9 2018,5000000,6352306,6653715,301409,1653715,2018,['Documentary'],['Michael Moore']
1092,Sea Rex 3D: Journey to a Prehistoric World 2010,5000000,6096582,16515203,10418621,11515203,2010,['Documentary'],"['Ronan Chapalain', ' Pascal Vuong']"
1093,90 Minutes in Heaven 2015,5000000,4816142,4816142,0,-183858,2015,['Drama'],['Michael Polish']
1094,Incarnate 2016,5000000,4799774,9371036,4571262,4371036,2016,"['Horror', 'Thriller']",['Brad Peyton']
1095,Table 19 2017,5000000,3614896,4620399,1005503,-379601,2017,"['Comedy', 'Drama', 'Romance']",['Jeffrey Blitz']
1096,Kill the Messenger 2014,5000000,2450846,6656705,4205859,1656705,2014,"['Biography', 'Crime', 'Drama']",['Michael Cuesta']
1097,Rabbit Hole 2010,5000000,2229058,6205034,3975976,1205034,2010,['Drama'],['John Cameron Mitchell']
1098,Jem and the Holograms 2015,5000000,2184640,2368937,184297,-2631063,2015,"['Adventure', 'Drama', 'Family']",['Jon M. Chu']
1099,Paterson 2016,5000000,2141423,10727536,8586113,5727536,2016,"['Comedy', 'Drama', 'Romance']",['Jim Jarmusch']
1100,Atlas Shrugged: Who Is John Galt? 2014,5000000,851690,851690,0,-4148310,2014,"['Drama', 'Mystery', 'Sci-Fi']",['James Manera']
1101,Ain't Them Bodies Saints 2013,5000000,391611,1075009,683398,-3924991,2013,"['Crime', 'Drama', 'Romance']",['David Lowery']
1102,Cop Car 2015,5000000,134552,143658,9106,-4856342,2015,"['Crime', 'Thriller']",['Jon Watts']
1103,Rudderless 2014,5000000,56001,567219,511218,-4432781,2014,"['Comedy', 'Drama', 'Music']",['William H. Macy']
1104,Area 51 2015,5000000,7556,7556,0,-4992444,2015,"['Horror', 'Sci-Fi', 'Thriller']",['Oren Peli']
1105,Dying of the Light 2014,5000000,0,74639,74639,-4925361,2014,"['Drama', 'Thriller']",['Paul Schrader']
1106,Yoga Hosers 2016,5000000,0,22958,22958,-4977042,2016,"['Action', 'Comedy', 'Fantasy']",['Kevin Smith']
1107,Reach Me 2014,5000000,0,0,0,-5000000,2014,"['Comedy', 'Crime', 'Drama']",['John Herzfeld']
1108,Henry & Me 2014,5000000,0,0,0,-5000000,2014,"['Animation', 'Family']",['Barrett Esposito']
1109,Should've Been Romeo 2012,5000000,0,0,0,-5000000,2012,"['Comedy', 'Drama']",['Marc Bennett']
1110,Running Forever 2015,5000000,0,0,0,-5000000,2015,['Family'],"['Dan Garcia', ' Mike Mayhall']"
1111,Only God Forgives 2013,4800000,775849,4494560,3718711,-305440,2013,"['Crime', 'Drama']",['Nicolas Winding Refn']
1112,Take Shelter 2011,4750000,1728953,4972016,3243063,222016,2011,"['Drama', 'Horror', 'Thriller']",['Jeff Nichols']
1113,Without Men 2011,4700000,0,0,0,-4700000,2011,['Comedy'],['Gabriela Tagliavini']
1114,Blackthorn 2011,4500000,200558,1217307,1016749,-3282693,2011,"['Action', 'Adventure', 'Western']",['Mateo Gil']
1115,Maggie 2015,4500000,187112,1027760,840648,-3472240,2015,"['Drama', 'Horror']",['Henry Hobson']
1116,Falcon Rising 2014,4500000,11774,11774,0,-4488226,2014,"['Action', 'Adventure']",['Ernie Barbarash']
1117,Hansel & Gretel Get Baked 2013,4500000,0,0,0,-4500000,2013,"['Comedy', 'Horror']",['Duane Journey']
1118,Fugly 2014,4500000,0,0,0,-4500000,2014,"['Drama', 'Thriller']",['Kabir Sadanand']
1119,Zipper 2015,4500000,0,0,0,-4500000,2015,"['Drama', 'Thriller']",['Mora Stephens']
1120,The Final Girls 2015,4500000,0,0,0,-4500000,2015,"['Comedy', 'Drama', 'Fantasy']",['Todd Strauss-Schulson']
1121,Daisy Winters 2017,4500000,0,0,0,-4500000,2017,['Drama'],['Beth LaMure']
1122,Animal Kingdom 2010,4200000,1044039,8078683,7034644,3878683,2010,"['Crime', 'Drama']",['David MichÃ´d']
1123,Cargo 2011,4200000,0,313230,313230,-3886770,2011,['Drama'],['Yan Vizinberg']
1124,The Boy Next Door 2015,4000000,36006065,53401938,17395873,49401938,2015,"['Horror', 'Thriller']",['Rob Cohen']
1125,Boyhood 2014,4000000,25379975,57273049,31893074,53273049,2014,['Drama'],['Richard Linklater']
1126,The Kids Are All Right 2010,4000000,20811365,36275469,15464104,32275469,2010,"['Comedy', 'Drama', 'Romance']",['Lisa Cholodenko']
1127,A Haunted House 2 2014,4000000,17329487,21206861,3877374,17206861,2014,"['Comedy', 'Fantasy']",['Michael Tiddes']
1128,The Last Exorcism Part II 2013,4000000,15179303,25448707,10269404,21448707,2013,"['Drama', 'Horror', 'Thriller']",['Ed Gass-Donnelly']
1129,The Darkness 2016,4000000,10753574,10898293,144719,6898293,2016,"['Horror', 'Thriller']",['Greg McLean']
1130,The Art of Getting By 2011,4000000,1430241,1989035,558794,-2010965,2011,"['Drama', 'Romance']",['Gavin Wiesen']
1131,Red State 2011,4000000,1065429,1983596,918167,-2016404,2011,"['Action', 'Crime', 'Horror']",['Kevin Smith']
1132,Holy Motors 2012,4000000,641054,4230426,3589372,230426,2012,"['Drama', 'Fantasy']",['Leos Carax']
1133,The Signal 2014,4000000,600896,2665322,2064426,-1334678,2014,"['Drama', 'Mystery', 'Sci-Fi']",['William Eubank']
1134,Late Night 2019,4000000,246305,246305,0,-3753695,2019,"['Comedy', 'Drama']",['Nisha Ganatra']
1135,13 Sins 2014,4000000,9134,47552,38418,-3952448,2014,"['Horror', 'Thriller']",['Daniel Stamm']
1136,Another Happy Day 2011,4000000,9120,978527,969407,-3021473,2011,"['Comedy', 'Drama']",['Sam Levinson']
1137,The Perfect Wave 2014,4000000,0,0,0,-4000000,2014,"['Adventure', 'Biography', 'Drama']",['Bruce Macdonald']
1138,Chain of Command 2015,4000000,0,0,0,-4000000,2015,"['Action', 'Thriller']",['Kevin Carraway']
1139,Four Lions 2010,3750000,310007,2436111,2126104,-1313889,2010,"['Comedy', 'Crime', 'Drama']",['Christopher Morris']
1140,Winchester 2018,3500000,25091816,44378040,19286224,40878040,2018,"['Biography', 'Drama', 'Fantasy']","['Peter Spierig', ' Michael Spierig']"
1141,Dark Skies 2013,3500000,17418667,27704111,10285444,24204111,2013,"['Horror', 'Sci-Fi', 'Thriller']",['Scott Stewart']
1142,Forever My Girl 2018,3500000,16376066,16376066,0,12876066,2018,"['Drama', 'Music', 'Romance']",['Bethany Ashton Wolf']
1143,American Honey 2016,3500000,663247,2611750,1948503,-888250,2016,"['Adventure', 'Drama', 'Romance']",['Andrea Arnold']
1144,The Masked Saint 2016,3500000,182695,182695,0,-3317305,2016,"['Action', 'Biography', 'Crime']",['Warren P. Sonoda']
1145,The Kick 2011,3500000,0,40622,40622,-3459378,2011,"['Action', 'Sport']",['Prachya Pinkaew']
1146,Margin Call 2011,3400000,5353586,20433227,15079641,17033227,2011,"['Drama', 'Thriller']",['J.C. Chandor']
1147,Whiplash 2014,3300000,13092006,38969037,25877031,35669037,2014,"['Drama', 'Music']",['Damien Chazelle']
1148,Sorry to Bother You 2018,3200000,17493096,18285560,792464,15085560,2018,"['Comedy', 'Fantasy', 'Sci-Fi']",['Boots Riley']
1149,Paranormal Activity 2 2010,3000000,84752907,177512032,92759125,174512032,2010,['Horror'],['Tod Williams']
1150,War Room 2015,3000000,67790117,73975239,6185122,70975239,2015,['Drama'],['Alex Kendrick']
1151,The Purge 2013,3000000,64473115,91266581,26793466,88266581,2013,"['Horror', 'Thriller']",['James DeMonaco']
1152,Sinister 2012,3000000,48086903,87727807,39640904,84727807,2012,"['Horror', 'Mystery', 'Thriller']",['Scott Derrickson']
1153,Upgrade 2018,3000000,11977130,16553285,4576155,13553285,2018,"['Action', 'Sci-Fi', 'Thriller']",['Leigh Whannell']
1154,Before Midnight 2013,3000000,8110621,23251930,15141309,20251930,2013,"['Drama', 'Romance']",['Richard Linklater']
1155,Swiss Army Man 2016,3000000,4210454,5837111,1626657,2837111,2016,"['Adventure', 'Comedy', 'Drama']","['Dan Kwan', ' Daniel Scheinert']"
1156,Please Give 2010,3000000,4033574,4570178,536604,1570178,2010,"['Comedy', 'Drama']",['Nicole Holofcener']
1157,Compadres 2016,3000000,3127773,7445044,4317271,4445044,2016,"['Action', 'Comedy', 'Crime']",['Enrique BegnÃ©']
1158,Letters to God 2010,3000000,2848587,3237452,388865,237452,2010,"['Drama', 'Family']","['Patrick Doughtie', ' David Nixon']"
1159,Tusk 2014,3000000,1821983,1887554,65571,-1112446,2014,"['Comedy', 'Drama', 'Horror']",['Kevin Smith']
1160,Hobo with a Shotgun 2011,3000000,703372,834953,131581,-2165047,2011,"['Action', 'Comedy', 'Horror']",['Jason Eisener']
1161,The D Train 2015,3000000,669688,772366,102678,-2227634,2015,"['Comedy', 'Drama']","['Andrew Mogel', ' Jarrad Paul']"
1162,Bachelorette 2012,3000000,446770,12577401,12130631,9577401,2012,"['Comedy', 'Romance']",['Leslye Headland']
1163,Creature 2011,3000000,331000,331000,0,-2669000,2011,['Horror'],['Fred Andrews']
1164,The Bounce Back 2016,3000000,321910,421404,99494,-2578596,2016,"['Comedy', 'Romance']",['Youssef Delara']
1165,Tim and Eric's Billion Dollar Movie 2012,3000000,201436,223652,22216,-2776348,2012,['Comedy'],"['Eric Wareheim', ' Tim Heidecker']"
1166,They Came Together 2014,3000000,0,82780,82780,-2917220,2014,"['Comedy', 'Romance']",['David Wain']
1167,Open Road 2013,3000000,0,47469,47469,-2952531,2013,"['Action', 'Drama', 'Thriller']",['Marcio Garcia']
1168,Barry Munday 2010,3000000,0,0,0,-3000000,2010,"['Comedy', 'Drama', 'Romance']","[""Chris D'Arienzo""]"
1169,AWOL-72 2015,3000000,0,0,0,-3000000,2015,"['Action', 'Thriller']",['Christian Sesma']
1170,Unnatural 2015,3000000,0,0,0,-3000000,2015,"['Action', 'Horror', 'Sci-Fi']",['Hank Braxtan']
1171,Close Range 2015,3000000,0,0,0,-3000000,2015,"['Action', 'Crime']",['Isaac Florentine']
1172,Freakonomics 2010,2900000,101270,172867,71597,-2727133,2010,['Documentary'],"['Seth Gordon', ' Heidi Ewing', ' Alex Gibney', ' Rachel Grady', ' Eugene Jarecki', ' Morgan Spurlock']"
1173,Sardaar Ji 2015,2700000,0,8200000,8200000,5500000,2015,"['Comedy', 'Fantasy', 'Horror']",['Rohit Jugraj']
1174,A Haunted House 2013,2500000,40041683,59922558,19880875,57422558,2013,"['Comedy', 'Fantasy']",['Michael Tiddes']
1175,Kevin Hart: Let Me Explain 2013,2500000,32244051,32327255,83204,29827255,2013,"['Comedy', 'Documentary']","['Tim Story', ' Leslie Small']"
1176,The Spectacular Now 2013,2500000,6852971,6916951,63980,4416951,2013,"['Comedy', 'Drama', 'Romance']",['James Ponsoldt']
1177,Hunt for the Wilderpeople 2016,2500000,5205471,23845533,18640062,21345533,2016,"['Adventure', 'Comedy', 'Drama']",['Taika Waititi']
1178,Robot & Frank 2012,2500000,3317468,4934356,1616888,2434356,2012,"['Comedy', 'Crime', 'Drama']",['Jake Schreier']
1179,The Lost Medallion: The Adventures of Billy Stone 2013,2500000,549632,549632,0,-1950368,2013,"['Adventure', 'Family', 'Fantasy']",['Bill Muir']
1180,8: The Mormon Proposition 2010,2500000,100280,100280,0,-2399720,2010,['Documentary'],"['Reed Cowan', ' Steven Greenstreet']"
1181,Christmas Mail 2010,2500000,0,0,0,-2500000,2010,"['Comedy', 'Drama', 'Family']",['John Murlowski']
1182,Stung 2015,2500000,0,0,0,-2500000,2015,"['Action', 'Adventure', 'Comedy']",['Benni Diez']
1183,Antibirth 2016,2500000,0,0,0,-2500000,2016,['Horror'],['Danny Perez']
1184,Always Woodstock 2014,2400000,0,0,0,-2400000,2014,"['Comedy', 'Music', 'Romance']",['Rita Merson']
1185,Do You Believe? 2015,2300000,12985600,14304931,1319331,12004931,2015,['Drama'],['Jon Gunn']
1186,The Timber 2015,2100000,0,0,0,-2100000,2015,"['Action', 'Adventure', 'Drama']","[""Anthony O'Brien""]"
1187,Courageous 2011,2000000,34522221,35185884,663663,33185884,2011,['Drama'],['Alex Kendrick']
1188,Eighth Grade 2018,2000000,13539710,14341016,801306,12341016,2018,"['Comedy', 'Drama']",['Bo Burnham']
1189,Winter's Bone 2010,2000000,6531503,16131551,9600048,14131551,2010,"['Drama', 'Mystery']",['Debra Granik']
1190,Meet the Mormons 2014,2000000,6047363,6049171,1808,4049171,2014,['Documentary'],['Blair Treu']
1191,The Florida Project 2017,2000000,5904366,11295324,5390958,9295324,2017,['Drama'],['Sean Baker']
1192,All Saints 2017,2000000,5802208,5941994,139786,3941994,2017,['Drama'],['Steve Gomer']
1193,Inside Job 2010,2000000,4311834,7799257,3487423,5799257,2010,"['Crime', 'Documentary']",['Charles Ferguson']
1194,We Are Your Friends 2015,2000000,3591417,10153415,6561998,8153415,2015,"['Drama', 'Music', 'Romance']",['Max Joseph']
1195,Hearts Beat Loud 2018,2000000,2386254,2420962,34708,420962,2018,"['Comedy', 'Drama', 'Music']",['Brett Haley']
1196,The Diary of a Teenage Girl 2015,2000000,1477002,2279959,802957,279959,2015,"['Comedy', 'Drama', 'Romance']",['Marielle Heller']
1197,The Babadook 2014,2000000,950792,7482387,6531595,5482387,2014,"['Drama', 'Horror']",['Jennifer Kent']
1198,The Virginity Hit 2010,2000000,636706,636706,0,-1363294,2010,['Comedy'],"['Andrew Gurland', ' Huck Botko']"
1199,Pump 2014,2000000,72277,72277,0,-1927723,2014,['Documentary'],"['Rebecca Harrell Tickell', ' Joshua Tickell']"
1200,Knock Knock 2015,2000000,36336,6328516,6292180,4328516,2015,"['Drama', 'Thriller']",['Eli Roth']
1201,The First Time 2012,2000000,17061,17061,0,-1982939,2012,"['Comedy', 'Drama', 'Romance']",['Jonathan Kasdan']
1202,Circle 2010,2000000,10024,10024,0,-1989976,2010,"['Horror', 'Thriller']",['Michael W. Watkins']
1203,Plush 2013,2000000,3080,28864,25784,-1971136,2013,"['Drama', 'Music', 'Thriller']",['Catherine Hardwicke']
1204,The Ghastly Love of Johnny X 2012,2000000,2436,2436,0,-1997564,2012,"['Comedy', 'Fantasy', 'Musical']",['Paul Bunnell']
1205,Grave Encounters 2011,2000000,0,2151887,2151887,151887,2011,['Horror'],"['Colin Minihan', ' Stuart Ortiz', ' The Vicious Brothers']"
1206,Bone Tomahawk 2015,2000000,0,475846,475846,-1524154,2015,"['Adventure', 'Drama', 'Horror']",['S. Craig Zahler']
1207,Straight A's 2013,2000000,0,0,0,-2000000,2013,"['Comedy', 'Drama']",['James Cox']
1208,Highway 2012,2000000,0,0,0,-2000000,2012,['Comedy'],['Coke Daniels']
1209,Coffee Town 2013,2000000,0,0,0,-2000000,2013,['Comedy'],['Brad Copeland']
1210,The Walking Deceased 2015,2000000,0,0,0,-2000000,2015,"['Comedy', 'Horror']",['Scott Dow']
1211,True Bromance 2011,2000000,0,0,0,-2000000,2011,['Comedy'],['Sebastian Doggart']
1212,The Curse of Downers Grove 2015,2000000,0,0,0,-2000000,2015,"['Drama', 'Horror', 'Mystery']",['Derick Martini']
1213,Wind Walkers 2015,2000000,0,0,0,-2000000,2015,"['Action', 'Horror', 'Thriller']",['Russell Friedenberg']
1214,The Dog Lover 2016,2000000,0,0,0,-2000000,2016,['Drama'],['Alex Ranarivelo']
1215,Shark Lake 2015,2000000,0,0,0,-2000000,2015,"['Action', 'Adventure', 'Crime']",['Jerry Dugan']
1216,Buried 2010,1987650,1044143,21270290,20226147,19282640,2010,"['Drama', 'Mystery', 'Thriller']",['Rodrigo CortÃ©s']
1217,Brotherly Love 2015,1900000,478595,478595,0,-1421405,2015,['Drama'],['Jamal Hill']
1218,ABCD (Any Body Can Dance) 2013,1900000,222098,10137234,9915136,8237234,2013,"['Drama', 'Music']","[""Remo D'Souza""]"
1219,Vaalu 2015,1900000,0,12444,12444,-1887556,2015,"['Comedy', 'Romance']",['Vijay Chandar']
1220,The Last Exorcism 2010,1800000,41034350,70165900,29131550,68365900,2010,"['Drama', 'Horror', 'Thriller']",['Daniel Stamm']
1221,Beasts of the Southern Wild 2012,1800000,12795746,23265132,10469386,21465132,2012,"['Adventure', 'Drama', 'Fantasy']",['Benh Zeitlin']
1222,Higher Ground 2011,1800000,841056,842693,1637,-957307,2011,['Drama'],['Vera Farmiga']
1223,Dysfunctional Friends 2012,1800000,0,0,0,-1800000,2012,"['Comedy', 'Drama']",['Corey Grant']
1224,Independence Daysaster 2013,1800000,0,0,0,-1800000,2013,"['Action', 'Adventure', 'Sci-Fi']",['W.D. Hogan']
1225,I Spit on Your Grave 2010,1750000,93051,1278471,1185420,-471529,2010,"['Horror', 'Thriller']",['Steven R. Monroe']
1226,Grace Unplugged 2013,1700000,2507159,2507159,0,807159,2013,"['Drama', 'Music']",['Brad J. Silverman']
1227,N-Secure 2010,1600000,2595644,2595644,0,995644,2010,"['Crime', 'Drama', 'Thriller']",['David M. Matthews']
1228,Two Night Stand 2014,1600000,15600,868081,852481,-731919,2014,"['Comedy', 'Romance']",['Max Nichols']
1229,Moonlight 2016,1500000,27854931,65245512,37390581,63745512,2016,['Drama'],['Barry Jenkins']
1230,Unsane 2018,1500000,7690044,14244931,6554887,12744931,2018,"['Drama', 'Horror', 'Mystery']",['Steven Soderbergh']
1231,The To Do List 2013,1500000,3491669,4128828,637159,2628828,2013,"['Comedy', 'Romance']",['Maggie Carey']
1232,31 2016,1500000,779820,922727,142907,-577273,2016,"['Horror', 'Thriller']",['Rob Zombie']
1233,Road Hard 2015,1500000,113169,113169,0,-1386831,2015,['Comedy'],"['Adam Carolla', ' Kevin Hench']"
1234,Housebound 2014,1500000,0,236863,236863,-1263137,2014,"['Comedy', 'Horror', 'Mystery']",['Gerard Johnstone']
1235,Teefa in Trouble 2018,1500000,0,98806,98806,-1401194,2018,"['Action', 'Comedy', 'Crime']",['Ahsan Rahim']
1236,Closer to the Moon 2014,1500000,0,5396,5396,-1494604,2014,"['Comedy', 'Crime', 'Drama']",['Nae Caranfil']
1237,The Lion of Judah 2011,1500000,0,0,0,-1500000,2011,['Animation'],"['Deryck Broom', ' Roger Hawkins']"
1238,#Horror 2015,1500000,0,0,0,-1500000,2015,"['Crime', 'Drama', 'Horror']",['Tara Subkoff']
1239,Mustang 2015,1400000,845464,5552584,4707120,4152584,2015,['Drama'],['Deniz Gamze ErgÃ¼ven']
1240,My Girlfriend's Boyfriend 2010,1400000,0,0,0,-1400000,2010,"['Comedy', 'Romance']",['Daryn Tufts']
1241,House at the End of the Drive 2014,1400000,0,0,0,-1400000,2014,"['Horror', 'Thriller']",['David Worth']
1242,Dear White People 2014,1250000,4404154,5403771,999617,4153771,2014,"['Comedy', 'Drama', 'Romance']",['Justin Simien']
1243,Blue Like Jazz 2012,1200000,595018,595018,0,-604982,2012,"['Comedy', 'Drama']",['Steve Taylor']
1244,Crowsnest 2012,1200000,0,0,0,-1200000,2012,"['Horror', 'Mystery', 'Thriller']",['Brenton Spencer']
1245,Airborne 2012,1200000,0,0,0,-1200000,2012,"['Comedy', 'Crime', 'Horror']",['Dominic Burns']
1246,Bleeding Hearts 2015,1200000,0,0,0,-1200000,2015,['Horror'],['Dylan Bank']
1247,The Sleepwalker 2014,1100000,2636,2636,0,-1097364,2014,['Drama'],['Mona Fastvold']
1248,The Dead Undead 2010,1100000,0,0,0,-1100000,2010,"['Action', 'Horror', 'Sci-Fi']","['Matthew R. Anderson', ' Edward Conna']"
1249,The Vatican Exorcisms 2013,1100000,0,0,0,-1100000,2013,['Horror'],['Joe Marino']
1250,The Devil Inside 2012,1000000,53262945,101759490,48496545,100759490,2012,['Horror'],['William Brent Bell']
1251,Chernobyl Diaries 2012,1000000,18119640,42411721,24292081,41411721,2012,"['Horror', 'Mystery', 'Thriller']",['Bradley Parker']
1252,Blue Valentine 2010,1000000,9737892,16566240,6828348,15566240,2010,"['Drama', 'Romance']",['Derek Cianfrance']
1253,Unfriended: Dark Web 2018,1000000,8866745,16434588,7567843,15434588,2018,"['Crime', 'Horror', 'Mystery']",['Stephen Susco']
1254,The Sessions 2012,1000000,6002451,11495204,5492753,10495204,2012,"['Biography', 'Comedy', 'Drama']",['Ben Lewin']
1255,The Skeleton Twins 2014,1000000,5284309,5797192,512883,4797192,2014,"['Comedy', 'Drama', 'Romance']",['Craig Johnson']
1256,Obvious Child 2014,1000000,3122616,3324070,201454,2324070,2014,"['Comedy', 'Drama', 'Romance']",['Gillian Robespierre']
1257,Martha Marcy May Marlene 2011,1000000,2981038,5438911,2457873,4438911,2011,"['Drama', 'Mystery', 'Thriller']",['Sean Durkin']
1258,Patti Cake$ 2017,1000000,800148,1471090,670942,471090,2017,"['Drama', 'Music']",['Geremy Jasper']
1259,The Future 2011,1000000,568662,1239174,670512,239174,2011,"['Drama', 'Fantasy', 'Romance']",['Miranda July']
1260,23 Blast 2014,1000000,549185,549185,0,-450815,2014,"['Drama', 'Family', 'Sport']",['Dylan Baker']
1261,I Origins 2014,1000000,336472,852399,515927,-147601,2014,"['Drama', 'Romance', 'Sci-Fi']",['Mike Cahill']
1262,Hardflip 2012,1000000,96734,96734,0,-903266,2012,"['Action', 'Drama']",['Johnny Remo']
1263,Camp X-Ray 2014,1000000,9837,101053,91216,-898947,2014,"['Drama', 'War']",['Peter Sattler']
1264,Heli 2013,1000000,0,552614,552614,-447386,2013,"['Crime', 'Drama', 'Romance']",['Amat Escalante']
1265,Karachi se Lahore 2015,1000000,0,17721,17721,-982279,2015,"['Adventure', 'Comedy', 'Family']",['Wajahat Rauf']
1266,Snow White: A Deadly Summer 2012,1000000,0,0,0,-1000000,2012,['Horror'],['David DeCoteau']
1267,Truth or Die 2012,1000000,0,0,0,-1000000,2012,"['Horror', 'Mystery']",['Robert Heath']
1268,Hidden Away 2014,1000000,0,0,0,-1000000,2014,"['Drama', 'Romance']",['Mikel Rueda']
1269,Zombie Hunter 2013,1000000,0,0,0,-1000000,2013,"['Action', 'Comedy', 'Horror']",['K. King']
1270,Doc Holliday's Revenge 2014,1000000,0,0,0,-1000000,2014,['Western'],['David DeCoteau']
1271,A Fine Step 2014,1000000,0,0,0,-1000000,2014,['Drama'],['Jonathan Meyers']
1272,Bang Bang Baby 2014,1000000,0,0,0,-1000000,2014,"['Drama', 'Fantasy', 'Musical']",['Jeffrey St. Jules']
1273,Chemical Cut 2016,1000000,0,0,0,-1000000,2016,['Drama'],['Marjorie Conrad']
1274,Food Chains 2014,913000,0,176,176,-912824,2014,['Documentary'],['Sanjay Rawal']
1275,Fruitvale Station 2013,900000,16098998,17549645,1450647,16649645,2013,"['Biography', 'Drama', 'Romance']",['Ryan Coogler']
1276,Meet the Blacks 2016,900000,9097072,9097072,0,8197072,2016,"['Comedy', 'Horror']",['Deon Taylor']
1277,Circumstance 2011,900000,454121,958978,504857,58978,2011,['Drama'],['Maryam Keshavarz']
1278,The Giant Mechanical Man 2012,900000,7396,7396,0,-892604,2012,"['Comedy', 'Drama', 'Romance']",['Lee Kirk']
1279,40 Weeks 2014,900000,0,0,0,-900000,2014,['Documentary'],['Christopher Henze']
1280,Windsor Drive 2015,850000,3256,3256,0,-846744,2015,"['Mystery', 'Thriller']","[""Natalie Bible'""]"
1281,Not Cool 2014,800000,35688,35688,0,-764312,2014,"['Comedy', 'Drama', 'Romance']",['Shane Dawson']
1282,Kevin Hart: Laugh at My Pain 2011,750000,7706436,7712436,6000,6962436,2011,"['Comedy', 'Documentary']","['Tim Story', ' Leslie Small']"
1283,Safety Not Guaranteed 2012,750000,4010957,4422318,411361,3672318,2012,"['Comedy', 'Drama', 'Romance']",['Colin Trevorrow']
1284,Escape from Tomorrow 2013,650000,171962,171962,0,-478038,2013,"['Drama', 'Fantasy', 'Horror']",['Randy Moore']
1285,The Hadza: Last of the First 2014,650000,0,0,0,-650000,2014,['Documentary'],['Bill Benenson']
1286,Treachery 2013,625000,0,0,0,-625000,2013,"['Drama', 'Thriller']",['Travis Romero']
1287,Drunk Wedding 2015,600000,3301,3301,0,-596699,2015,['Comedy'],['Nick Weiss']
1288,Light from the Darkroom 2014,600000,0,0,0,-600000,2014,"['Action', 'Drama', 'Thriller']",['Lance McDaniel']
1289,The Harvest/La Cosecha 2011,560000,3709,3709,0,-556291,2011,['Documentary'],['U. Roberto Romano']
1290,Julija in alfa Romeo 2015,560000,0,8462,8462,-551538,2015,['Comedy'],['Blaz Zavrsnik']
1291,Sholem Aleichem: Laughing in the Darkness 2011,500000,1131261,1131261,0,631261,2011,['Documentary'],['Joseph Dorman']
1292,Drinking Buddies 2013,500000,343706,407100,63394,-92900,2013,"['Comedy', 'Drama', 'Romance']",['Joe Swanberg']
1293,Monsters 2010,500000,237301,5639730,5402429,5139730,2010,"['Drama', 'Sci-Fi', 'Thriller']",['Gareth Edwards']
1294,The Other Dream Team 2012,500000,134109,314444,180335,-185556,2012,"['Documentary', 'Sport']",['Marius A. Markevicius']
1295,Born to Fly: Elizabeth Streb vs. Gravity 2014,500000,1822,1822,0,-498178,2014,"['Action', 'Biography', 'Documentary']",['Catherine Gund']
1296,Higher Power 2018,500000,528,528,0,-499472,2018,"['Action', 'Sci-Fi', 'Thriller']",['Matthew Charles Santoro']
1297,Drones 2010,500000,0,0,0,-500000,2010,['Comedy'],"['Amber Benson', ' Adam Busch']"
1298,Girls Gone Dead 2012,500000,0,0,0,-500000,2012,"['Comedy', 'Horror']","['Michael Hoffman Jr.', ' Aaron T. Wells']"
1299,The Sound and the Shadow 2014,500000,0,0,0,-500000,2014,"['Comedy', 'Mystery', 'Thriller']",['Justin Paul Miller']
1300,As It Is in Heaven 2014,450000,13486,13486,0,-436514,2014,['Drama'],['Joshua Overbay']
1301,I Want Your Money 2010,400000,433588,433588,0,33588,2010,['Documentary'],['Ray Griggs']
1302,Pancakes 2014,400000,0,0,0,-400000,2014,['Drama'],['Yasu Shibuya']
1303,Rotor DR1 2015,350000,0,0,0,-350000,2015,"['Family', 'Sci-Fi']",['Chad Kapper']
1304,Locker 13 2014,300000,3496,3496,0,-296504,2014,['Thriller'],"['Bruce Dellis', ' Jason Marsden', ' Donovan Montierth', ' Adam Montierth', ' Matthew Mebane']"
1305,All You Need Is Love 2014,300000,0,3565259,3565259,3265259,2014,['Documentary'],['Stuart Cameron']
1306,Teeth and Blood 2015,300000,0,0,0,-300000,2015,"['Action', 'Horror']","['Pamela J. Richardson', ' Al Franklin']"
1307,Anderson's Cross 2010,300000,0,0,0,-300000,2010,"['Comedy', 'Drama', 'Romance']",['Jerome Elston Scott']
1308,Death Calls 2010,290000,0,0,0,-290000,2010,"['Action', 'Adventure', 'Mystery']","['Ken Del Conte', ' Hector Echavarria']"
1309,Compliance 2012,270000,319285,830700,511415,560700,2012,"['Biography', 'Crime', 'Drama']",['Craig Zobel']
1310,Like Crazy 2011,250000,3395391,3728400,333009,3478400,2011,"['Drama', 'Romance']",['Drake Doremus']
1311,The Canyons 2013,250000,59671,62375,2704,-187625,2013,"['Drama', 'Thriller']",['Paul Schrader']
1312,Rust 2010,250000,0,0,0,-250000,2010,['Drama'],['Corbin Bernsen']
1313,The Christmas Bunny 2010,250000,0,0,0,-250000,2010,"['Drama', 'Family']",['Tom Seidman']
1314,The Frozen 2012,250000,0,0,0,-250000,2012,"['Drama', 'Thriller']",['Andrew Hyatt']
1315,Butterfly 2010,250000,0,0,0,-250000,2010,"['Horror', 'Thriller']",['Edward E. Romero']
1316,Shooting the Warwicks 2015,250000,0,0,0,-250000,2015,"['Comedy', 'Drama']",['Adam Rifkin']
1317,Western Religion 2015,250000,0,0,0,-250000,2015,"['Adventure', 'Drama', 'Fantasy']","[""James O'Brien""]"
1318,Burn 2012,225000,1109276,1109276,0,884276,2012,['Documentary'],"['Tom Putnam', ' Brenna Sanchez']"
1319,Middle of Nowhere 2012,200000,236806,236806,0,36806,2012,['Drama'],['Ava DuVernay']
1320,H. 2014,200000,0,0,0,-200000,2014,"['Drama', 'Sci-Fi', 'Thriller']","['Daniel Garcia', ' Rania Attieh']"
1321,Weekend 2011,190000,484592,1577585,1092993,1387585,2011,"['Drama', 'Romance']",['Andrew Haigh']
1322,Another Earth 2011,175000,1321194,2102779,781585,1927779,2011,"['Drama', 'Romance', 'Sci-Fi']",['Mike Cahill']
1323,Heroes of Dirt 2015,175000,0,0,0,-175000,2015,"['Action', 'Drama', 'Sport']",['Eric Bugbee']
1324,Speak No Evil 2013,150000,0,32927,32927,-117073,2013,['Horror'],['Roze']
1325,Aroused 2013,150000,0,0,0,-150000,2013,['Documentary'],['Deborah Anderson']
1326,An American in Hollywood 2014,125000,0,0,0,-125000,2014,['Drama'],['Sai Varadan']
1327,Romantic Schemer 2015,125000,0,0,0,-125000,2015,['Romance'],['Valentine']
1328,The Gallows 2015,100000,22764410,41656474,18892064,41556474,2015,"['Horror', 'Mystery', 'Thriller']","['Travis Cluff', ' Chris Lofing']"
1329,A Ghost Story 2017,100000,1594798,2769782,1174984,2669782,2017,"['Drama', 'Fantasy', 'Romance']",['David Lowery']
1330,The Past is a Grotesque Animal 2014,100000,20056,20056,0,-79944,2014,"['Biography', 'Documentary', 'Music']",['Jason Miller']
1331,Indie Game: The Movie 2012,100000,0,0,0,-100000,2012,"['Documentary', 'Drama']","['James Swirsky', ' Lisanne Pajot']"
1332,Queen Crab 2015,75000,0,0,0,-75000,2015,"['Action', 'Sci-Fi', 'Thriller']",['Brett Piper']
1333,Absentia 2011,70000,0,8555,8555,-61445,2011,"['Drama', 'Horror', 'Mystery']",['Mike Flanagan']
1334,Hayride 2012,60000,0,0,0,-60000,2012,"['Crime', 'Drama', 'Horror']",['Terron R. Parsons']
1335,The Dirties 2013,55000,0,0,0,-55000,2013,"['Crime', 'Drama']",['Matt Johnson']
1336,Tiny Furniture 2010,50000,391674,424149,32475,374149,2010,"['Comedy', 'Drama', 'Romance']",['Lena Dunham']
1337,Counting 2015,50000,8374,8374,0,-41626,2015,['Documentary'],['Jem Cohen']
1338,The Image Revolution 2014,50000,0,0,0,-50000,2014,"['Biography', 'Documentary']",['Patrick Meaney']
1339,A True Story 2013,45000,0,0,0,-45000,2013,['Comedy'],['Malcolm Goodwin']
1340,This Is Martin Bonner 2013,42000,0,0,0,-42000,2013,['Drama'],['Chad Hartigan']
1341,Raymond Did It 2011,40000,3632,3632,0,-36368,2011,['Horror'],['Travis Legge']
1342,Foreign Letters 2012,40000,0,0,0,-40000,2012,"['Comedy', 'Drama']",['Ela Thier']
1343,Her Cry: La Llorona Investigation 2013,35000,0,0,0,-35000,2013,['Horror'],['Damir Catic']
1344,Paraphobia 2013,30000,0,0,0,-30000,2013,"['Comedy', 'Horror', 'Thriller']",['Rick Montano']
1345,Exeter 2015,25000,0,489792,489792,464792,2015,"['Horror', 'Mystery', 'Thriller']",['Marcus Nispel']
1346,Dutch Kills 2015,25000,0,0,0,-25000,2015,"['Crime', 'Drama', 'Thriller']",['Joseph Mazzella']
1347,The Ridges 2011,17300,0,0,0,-17300,2011,"['Drama', 'Horror', 'Thriller']",['Brandon Landers']
1348,Stories of Our Lives 2014,15000,0,0,0,-15000,2014,['Drama'],['Jim Chuchu']
